# ell C_ell
1.300000e+04 3.231898e+00
1.300100e+04 3.232097e+00
1.300200e+04 3.232296e+00
1.300300e+04 3.232495e+00
1.300400e+04 3.232694e+00
1.300500e+04 3.232893e+00
1.300600e+04 3.233092e+00
1.300700e+04 3.233290e+00
1.300800e+04 3.233489e+00
1.300900e+04 3.233688e+00
1.301000e+04 3.233887e+00
1.301100e+04 3.234086e+00
1.301200e+04 3.234285e+00
1.301300e+04 3.234484e+00
1.301400e+04 3.234683e+00
1.301500e+04 3.234882e+00
1.301600e+04 3.235080e+00
1.301700e+04 3.235279e+00
1.301800e+04 3.235478e+00
1.301900e+04 3.235677e+00
1.302000e+04 3.235876e+00
1.302100e+04 3.236075e+00
1.302200e+04 3.236274e+00
1.302300e+04 3.236473e+00
1.302400e+04 3.236672e+00
1.302500e+04 3.236870e+00
1.302600e+04 3.237069e+00
1.302700e+04 3.237268e+00
1.302800e+04 3.237467e+00
1.302900e+04 3.237666e+00
1.303000e+04 3.237865e+00
1.303100e+04 3.238064e+00
1.303200e+04 3.238263e+00
1.303300e+04 3.238462e+00
1.303400e+04 3.238660e+00
1.303500e+04 3.238859e+00
1.303600e+04 3.239058e+00
1.303700e+04 3.239257e+00
1.303800e+04 3.239456e+00
1.303900e+04 3.239655e+00
1.304000e+04 3.239854e+00
1.304100e+04 3.240053e+00
1.304200e+04 3.240252e+00
1.304300e+04 3.240450e+00
1.304400e+04 3.240649e+00
1.304500e+04 3.240848e+00
1.304600e+04 3.241047e+00
1.304700e+04 3.241246e+00
1.304800e+04 3.241445e+00
1.304900e+04 3.241644e+00
1.305000e+04 3.241843e+00
1.305100e+04 3.242042e+00
1.305200e+04 3.242240e+00
1.305300e+04 3.242439e+00
1.305400e+04 3.242638e+00
1.305500e+04 3.242837e+00
1.305600e+04 3.243036e+00
1.305700e+04 3.243235e+00
1.305800e+04 3.243434e+00
1.305900e+04 3.243633e+00
1.306000e+04 3.243831e+00
1.306100e+04 3.244030e+00
1.306200e+04 3.244229e+00
1.306300e+04 3.244428e+00
1.306400e+04 3.244627e+00
1.306500e+04 3.244826e+00
1.306600e+04 3.245025e+00
1.306700e+04 3.245224e+00
1.306800e+04 3.245423e+00
1.306900e+04 3.245621e+00
1.307000e+04 3.245820e+00
1.307100e+04 3.246019e+00
1.307200e+04 3.246218e+00
1.307300e+04 3.246417e+00
1.307400e+04 3.246616e+00
1.307500e+04 3.246815e+00
1.307600e+04 3.247014e+00
1.307700e+04 3.247213e+00
1.307800e+04 3.247411e+00
1.307900e+04 3.247610e+00
1.308000e+04 3.247809e+00
1.308100e+04 3.248008e+00
1.308200e+04 3.248207e+00
1.308300e+04 3.248406e+00
1.308400e+04 3.248605e+00
1.308500e+04 3.248804e+00
1.308600e+04 3.249003e+00
1.308700e+04 3.249201e+00
1.308800e+04 3.249400e+00
1.308900e+04 3.249599e+00
1.309000e+04 3.249798e+00
1.309100e+04 3.249997e+00
1.309200e+04 3.250196e+00
1.309300e+04 3.250395e+00
1.309400e+04 3.250594e+00
1.309500e+04 3.250793e+00
1.309600e+04 3.250991e+00
1.309700e+04 3.251190e+00
1.309800e+04 3.251389e+00
1.309900e+04 3.251588e+00
1.310000e+04 3.251787e+00
1.310100e+04 3.251986e+00
1.310200e+04 3.252185e+00
1.310300e+04 3.252384e+00
1.310400e+04 3.252583e+00
1.310500e+04 3.252781e+00
1.310600e+04 3.252980e+00
1.310700e+04 3.253179e+00
1.310800e+04 3.253378e+00
1.310900e+04 3.253577e+00
1.311000e+04 3.253776e+00
1.311100e+04 3.253975e+00
1.311200e+04 3.254174e+00
1.311300e+04 3.254373e+00
1.311400e+04 3.254571e+00
1.311500e+04 3.254770e+00
1.311600e+04 3.254969e+00
1.311700e+04 3.255168e+00
1.311800e+04 3.255367e+00
1.311900e+04 3.255566e+00
1.312000e+04 3.255765e+00
1.312100e+04 3.255964e+00
1.312200e+04 3.256163e+00
1.312300e+04 3.256361e+00
1.312400e+04 3.256560e+00
1.312500e+04 3.256759e+00
1.312600e+04 3.256958e+00
1.312700e+04 3.257157e+00
1.312800e+04 3.257356e+00
1.312900e+04 3.257555e+00
1.313000e+04 3.257754e+00
1.313100e+04 3.257953e+00
1.313200e+04 3.258151e+00
1.313300e+04 3.258350e+00
1.313400e+04 3.258549e+00
1.313500e+04 3.258748e+00
1.313600e+04 3.258947e+00
1.313700e+04 3.259146e+00
1.313800e+04 3.259345e+00
1.313900e+04 3.259544e+00
1.314000e+04 3.259743e+00
1.314100e+04 3.259941e+00
1.314200e+04 3.260140e+00
1.314300e+04 3.260339e+00
1.314400e+04 3.260538e+00
1.314500e+04 3.260737e+00
1.314600e+04 3.260936e+00
1.314700e+04 3.261135e+00
1.314800e+04 3.261334e+00
1.314900e+04 3.261532e+00
1.315000e+04 3.261731e+00
1.315100e+04 3.261930e+00
1.315200e+04 3.262129e+00
1.315300e+04 3.262328e+00
1.315400e+04 3.262527e+00
1.315500e+04 3.262726e+00
1.315600e+04 3.262925e+00
1.315700e+04 3.263124e+00
1.315800e+04 3.263322e+00
1.315900e+04 3.263521e+00
1.316000e+04 3.263720e+00
1.316100e+04 3.263919e+00
1.316200e+04 3.264118e+00
1.316300e+04 3.264317e+00
1.316400e+04 3.264516e+00
1.316500e+04 3.264715e+00
1.316600e+04 3.264914e+00
1.316700e+04 3.265112e+00
1.316800e+04 3.265311e+00
1.316900e+04 3.265510e+00
1.317000e+04 3.265709e+00
1.317100e+04 3.265908e+00
1.317200e+04 3.266107e+00
1.317300e+04 3.266306e+00
1.317400e+04 3.266505e+00
1.317500e+04 3.266704e+00
1.317600e+04 3.266902e+00
1.317700e+04 3.267101e+00
1.317800e+04 3.267300e+00
1.317900e+04 3.267499e+00
1.318000e+04 3.267698e+00
1.318100e+04 3.267897e+00
1.318200e+04 3.268096e+00
1.318300e+04 3.268295e+00
1.318400e+04 3.268494e+00
1.318500e+04 3.268692e+00
1.318600e+04 3.268891e+00
1.318700e+04 3.269090e+00
1.318800e+04 3.269289e+00
1.318900e+04 3.269488e+00
1.319000e+04 3.269687e+00
1.319100e+04 3.269886e+00
1.319200e+04 3.270085e+00
1.319300e+04 3.270284e+00
1.319400e+04 3.270482e+00
1.319500e+04 3.270681e+00
1.319600e+04 3.270880e+00
1.319700e+04 3.271079e+00
1.319800e+04 3.271278e+00
1.319900e+04 3.271477e+00
1.320000e+04 3.271676e+00
1.320100e+04 3.271875e+00
1.320200e+04 3.272074e+00
1.320300e+04 3.272272e+00
1.320400e+04 3.272471e+00
1.320500e+04 3.272670e+00
1.320600e+04 3.272869e+00
1.320700e+04 3.273068e+00
1.320800e+04 3.273267e+00
1.320900e+04 3.273466e+00
1.321000e+04 3.273665e+00
1.321100e+04 3.273864e+00
1.321200e+04 3.274062e+00
1.321300e+04 3.274261e+00
1.321400e+04 3.274460e+00
1.321500e+04 3.274659e+00
1.321600e+04 3.274858e+00
1.321700e+04 3.275057e+00
1.321800e+04 3.275256e+00
1.321900e+04 3.275455e+00
1.322000e+04 3.275654e+00
1.322100e+04 3.275852e+00
1.322200e+04 3.276051e+00
1.322300e+04 3.276250e+00
1.322400e+04 3.276449e+00
1.322500e+04 3.276648e+00
1.322600e+04 3.276847e+00
1.322700e+04 3.277046e+00
1.322800e+04 3.277245e+00
1.322900e+04 3.277443e+00
1.323000e+04 3.277642e+00
1.323100e+04 3.277841e+00
1.323200e+04 3.278040e+00
1.323300e+04 3.278239e+00
1.323400e+04 3.278438e+00
1.323500e+04 3.278637e+00
1.323600e+04 3.278836e+00
1.323700e+04 3.279035e+00
1.323800e+04 3.279233e+00
1.323900e+04 3.279432e+00
1.324000e+04 3.279631e+00
1.324100e+04 3.279830e+00
1.324200e+04 3.280029e+00
1.324300e+04 3.280228e+00
1.324400e+04 3.280427e+00
1.324500e+04 3.280626e+00
1.324600e+04 3.280825e+00
1.324700e+04 3.281023e+00
1.324800e+04 3.281222e+00
1.324900e+04 3.281421e+00
1.325000e+04 3.281620e+00
1.325100e+04 3.281819e+00
1.325200e+04 3.282018e+00
1.325300e+04 3.282217e+00
1.325400e+04 3.282416e+00
1.325500e+04 3.282615e+00
1.325600e+04 3.282813e+00
1.325700e+04 3.283012e+00
1.325800e+04 3.283211e+00
1.325900e+04 3.283410e+00
1.326000e+04 3.283609e+00
1.326100e+04 3.283808e+00
1.326200e+04 3.284007e+00
1.326300e+04 3.284206e+00
1.326400e+04 3.284405e+00
1.326500e+04 3.284603e+00
1.326600e+04 3.284802e+00
1.326700e+04 3.285001e+00
1.326800e+04 3.285200e+00
1.326900e+04 3.285399e+00
1.327000e+04 3.285598e+00
1.327100e+04 3.285797e+00
1.327200e+04 3.285996e+00
1.327300e+04 3.286195e+00
1.327400e+04 3.286393e+00
1.327500e+04 3.286592e+00
1.327600e+04 3.286791e+00
1.327700e+04 3.286990e+00
1.327800e+04 3.287189e+00
1.327900e+04 3.287388e+00
1.328000e+04 3.287587e+00
1.328100e+04 3.287786e+00
1.328200e+04 3.287985e+00
1.328300e+04 3.288183e+00
1.328400e+04 3.288382e+00
1.328500e+04 3.288581e+00
1.328600e+04 3.288780e+00
1.328700e+04 3.288979e+00
1.328800e+04 3.289178e+00
1.328900e+04 3.289377e+00
1.329000e+04 3.289576e+00
1.329100e+04 3.289775e+00
1.329200e+04 3.289973e+00
1.329300e+04 3.290172e+00
1.329400e+04 3.290371e+00
1.329500e+04 3.290570e+00
1.329600e+04 3.290769e+00
1.329700e+04 3.290968e+00
1.329800e+04 3.291167e+00
1.329900e+04 3.291366e+00
1.330000e+04 3.291565e+00
1.330100e+04 3.291763e+00
1.330200e+04 3.291962e+00
1.330300e+04 3.292161e+00
1.330400e+04 3.292360e+00
1.330500e+04 3.292559e+00
1.330600e+04 3.292758e+00
1.330700e+04 3.292957e+00
1.330800e+04 3.293156e+00
1.330900e+04 3.293355e+00
1.331000e+04 3.293553e+00
1.331100e+04 3.293752e+00
1.331200e+04 3.293951e+00
1.331300e+04 3.294150e+00
1.331400e+04 3.294349e+00
1.331500e+04 3.294548e+00
1.331600e+04 3.294747e+00
1.331700e+04 3.294946e+00
1.331800e+04 3.295144e+00
1.331900e+04 3.295343e+00
1.332000e+04 3.295542e+00
1.332100e+04 3.295741e+00
1.332200e+04 3.295940e+00
1.332300e+04 3.296139e+00
1.332400e+04 3.296338e+00
1.332500e+04 3.296537e+00
1.332600e+04 3.296736e+00
1.332700e+04 3.296934e+00
1.332800e+04 3.297133e+00
1.332900e+04 3.297332e+00
1.333000e+04 3.297531e+00
1.333100e+04 3.297730e+00
1.333200e+04 3.297929e+00
1.333300e+04 3.298128e+00
1.333400e+04 3.298327e+00
1.333500e+04 3.298526e+00
1.333600e+04 3.298724e+00
1.333700e+04 3.298923e+00
1.333800e+04 3.299122e+00
1.333900e+04 3.299321e+00
1.334000e+04 3.299520e+00
1.334100e+04 3.299719e+00
1.334200e+04 3.299918e+00
1.334300e+04 3.300117e+00
1.334400e+04 3.300316e+00
1.334500e+04 3.300514e+00
1.334600e+04 3.300713e+00
1.334700e+04 3.300912e+00
1.334800e+04 3.301111e+00
1.334900e+04 3.301310e+00
1.335000e+04 3.301509e+00
1.335100e+04 3.301708e+00
1.335200e+04 3.301907e+00
1.335300e+04 3.302106e+00
1.335400e+04 3.302304e+00
1.335500e+04 3.302503e+00
1.335600e+04 3.302702e+00
1.335700e+04 3.302901e+00
1.335800e+04 3.303100e+00
1.335900e+04 3.303299e+00
1.336000e+04 3.303498e+00
1.336100e+04 3.303697e+00
1.336200e+04 3.303896e+00
1.336300e+04 3.304094e+00
1.336400e+04 3.304293e+00
1.336500e+04 3.304492e+00
1.336600e+04 3.304691e+00
1.336700e+04 3.304890e+00
1.336800e+04 3.305089e+00
1.336900e+04 3.305288e+00
1.337000e+04 3.305487e+00
1.337100e+04 3.305686e+00
1.337200e+04 3.305884e+00
1.337300e+04 3.306083e+00
1.337400e+04 3.306282e+00
1.337500e+04 3.306481e+00
1.337600e+04 3.306680e+00
1.337700e+04 3.306879e+00
1.337800e+04 3.307078e+00
1.337900e+04 3.307277e+00
1.338000e+04 3.307476e+00
1.338100e+04 3.307674e+00
1.338200e+04 3.307873e+00
1.338300e+04 3.308072e+00
1.338400e+04 3.308271e+00
1.338500e+04 3.308470e+00
1.338600e+04 3.308669e+00
1.338700e+04 3.308868e+00
1.338800e+04 3.309067e+00
1.338900e+04 3.309266e+00
1.339000e+04 3.309464e+00
1.339100e+04 3.309663e+00
1.339200e+04 3.309862e+00
1.339300e+04 3.310061e+00
1.339400e+04 3.310260e+00
1.339500e+04 3.310459e+00
1.339600e+04 3.310658e+00
1.339700e+04 3.310857e+00
1.339800e+04 3.311055e+00
1.339900e+04 3.311254e+00
1.340000e+04 3.311453e+00
1.340100e+04 3.311652e+00
1.340200e+04 3.311851e+00
1.340300e+04 3.312050e+00
1.340400e+04 3.312249e+00
1.340500e+04 3.312448e+00
1.340600e+04 3.312647e+00
1.340700e+04 3.312845e+00
1.340800e+04 3.313044e+00
1.340900e+04 3.313243e+00
1.341000e+04 3.313442e+00
1.341100e+04 3.313641e+00
1.341200e+04 3.313840e+00
1.341300e+04 3.314039e+00
1.341400e+04 3.314238e+00
1.341500e+04 3.314437e+00
1.341600e+04 3.314635e+00
1.341700e+04 3.314834e+00
1.341800e+04 3.315033e+00
1.341900e+04 3.315232e+00
1.342000e+04 3.315431e+00
1.342100e+04 3.315630e+00
1.342200e+04 3.315829e+00
1.342300e+04 3.316028e+00
1.342400e+04 3.316227e+00
1.342500e+04 3.316425e+00
1.342600e+04 3.316624e+00
1.342700e+04 3.316823e+00
1.342800e+04 3.317022e+00
1.342900e+04 3.317221e+00
1.343000e+04 3.317420e+00
1.343100e+04 3.317619e+00
1.343200e+04 3.317818e+00
1.343300e+04 3.318017e+00
1.343400e+04 3.318215e+00
1.343500e+04 3.318414e+00
1.343600e+04 3.318613e+00
1.343700e+04 3.318812e+00
1.343800e+04 3.319011e+00
1.343900e+04 3.319210e+00
1.344000e+04 3.319409e+00
1.344100e+04 3.319608e+00
1.344200e+04 3.319807e+00
1.344300e+04 3.320005e+00
1.344400e+04 3.320204e+00
1.344500e+04 3.320403e+00
1.344600e+04 3.320602e+00
1.344700e+04 3.320801e+00
1.344800e+04 3.321000e+00
1.344900e+04 3.321199e+00
1.345000e+04 3.321398e+00
1.345100e+04 3.321597e+00
1.345200e+04 3.321795e+00
1.345300e+04 3.321994e+00
1.345400e+04 3.322193e+00
1.345500e+04 3.322392e+00
1.345600e+04 3.322591e+00
1.345700e+04 3.322790e+00
1.345800e+04 3.322989e+00
1.345900e+04 3.323188e+00
1.346000e+04 3.323387e+00
1.346100e+04 3.323585e+00
1.346200e+04 3.323784e+00
1.346300e+04 3.323983e+00
1.346400e+04 3.324182e+00
1.346500e+04 3.324381e+00
1.346600e+04 3.324580e+00
1.346700e+04 3.324779e+00
1.346800e+04 3.324978e+00
1.346900e+04 3.325177e+00
1.347000e+04 3.325375e+00
1.347100e+04 3.325574e+00
1.347200e+04 3.325773e+00
1.347300e+04 3.325972e+00
1.347400e+04 3.326171e+00
1.347500e+04 3.326370e+00
1.347600e+04 3.326569e+00
1.347700e+04 3.326768e+00
1.347800e+04 3.326967e+00
1.347900e+04 3.327165e+00
1.348000e+04 3.327364e+00
1.348100e+04 3.327563e+00
1.348200e+04 3.327762e+00
1.348300e+04 3.327961e+00
1.348400e+04 3.328160e+00
1.348500e+04 3.328359e+00
1.348600e+04 3.328558e+00
1.348700e+04 3.328756e+00
1.348800e+04 3.328955e+00
1.348900e+04 3.329154e+00
1.349000e+04 3.329353e+00
1.349100e+04 3.329552e+00
1.349200e+04 3.329751e+00
1.349300e+04 3.329950e+00
1.349400e+04 3.330149e+00
1.349500e+04 3.330348e+00
1.349600e+04 3.330546e+00
1.349700e+04 3.330745e+00
1.349800e+04 3.330944e+00
1.349900e+04 3.331143e+00
1.350000e+04 3.331342e+00
1.350100e+04 3.331541e+00
1.350200e+04 3.331740e+00
1.350300e+04 3.331939e+00
1.350400e+04 3.332138e+00
1.350500e+04 3.332336e+00
1.350600e+04 3.332535e+00
1.350700e+04 3.332734e+00
1.350800e+04 3.332933e+00
1.350900e+04 3.333132e+00
1.351000e+04 3.333331e+00
1.351100e+04 3.333530e+00
1.351200e+04 3.333729e+00
1.351300e+04 3.333928e+00
1.351400e+04 3.334126e+00
1.351500e+04 3.334325e+00
1.351600e+04 3.334524e+00
1.351700e+04 3.334723e+00
1.351800e+04 3.334922e+00
1.351900e+04 3.335121e+00
1.352000e+04 3.335320e+00
1.352100e+04 3.335519e+00
1.352200e+04 3.335718e+00
1.352300e+04 3.335916e+00
1.352400e+04 3.336115e+00
1.352500e+04 3.336314e+00
1.352600e+04 3.336513e+00
1.352700e+04 3.336712e+00
1.352800e+04 3.336911e+00
1.352900e+04 3.337110e+00
1.353000e+04 3.337309e+00
1.353100e+04 3.337508e+00
1.353200e+04 3.337706e+00
1.353300e+04 3.337905e+00
1.353400e+04 3.338104e+00
1.353500e+04 3.338303e+00
1.353600e+04 3.338502e+00
1.353700e+04 3.338701e+00
1.353800e+04 3.338900e+00
1.353900e+04 3.339099e+00
1.354000e+04 3.339298e+00
1.354100e+04 3.339496e+00
1.354200e+04 3.339695e+00
1.354300e+04 3.339894e+00
1.354400e+04 3.340093e+00
1.354500e+04 3.340292e+00
1.354600e+04 3.340491e+00
1.354700e+04 3.340690e+00
1.354800e+04 3.340889e+00
1.354900e+04 3.341088e+00
1.355000e+04 3.341286e+00
1.355100e+04 3.341485e+00
1.355200e+04 3.341684e+00
1.355300e+04 3.341883e+00
1.355400e+04 3.342082e+00
1.355500e+04 3.342281e+00
1.355600e+04 3.342480e+00
1.355700e+04 3.342679e+00
1.355800e+04 3.342878e+00
1.355900e+04 3.343076e+00
1.356000e+04 3.343275e+00
1.356100e+04 3.343474e+00
1.356200e+04 3.343673e+00
1.356300e+04 3.343872e+00
1.356400e+04 3.344071e+00
1.356500e+04 3.344270e+00
1.356600e+04 3.344469e+00
1.356700e+04 3.344667e+00
1.356800e+04 3.344866e+00
1.356900e+04 3.345065e+00
1.357000e+04 3.345264e+00
1.357100e+04 3.345463e+00
1.357200e+04 3.345662e+00
1.357300e+04 3.345861e+00
1.357400e+04 3.346060e+00
1.357500e+04 3.346259e+00
1.357600e+04 3.346457e+00
1.357700e+04 3.346656e+00
1.357800e+04 3.346855e+00
1.357900e+04 3.347054e+00
1.358000e+04 3.347253e+00
1.358100e+04 3.347452e+00
1.358200e+04 3.347651e+00
1.358300e+04 3.347850e+00
1.358400e+04 3.348049e+00
1.358500e+04 3.348247e+00
1.358600e+04 3.348446e+00
1.358700e+04 3.348645e+00
1.358800e+04 3.348844e+00
1.358900e+04 3.349043e+00
1.359000e+04 3.349242e+00
1.359100e+04 3.349441e+00
1.359200e+04 3.349640e+00
1.359300e+04 3.349839e+00
1.359400e+04 3.350037e+00
1.359500e+04 3.350236e+00
1.359600e+04 3.350435e+00
1.359700e+04 3.350634e+00
1.359800e+04 3.350833e+00
1.359900e+04 3.351032e+00
1.360000e+04 3.351231e+00
1.360100e+04 3.351430e+00
1.360200e+04 3.351629e+00
1.360300e+04 3.351827e+00
1.360400e+04 3.352026e+00
1.360500e+04 3.352225e+00
1.360600e+04 3.352424e+00
1.360700e+04 3.352623e+00
1.360800e+04 3.352822e+00
1.360900e+04 3.353021e+00
1.361000e+04 3.353220e+00
1.361100e+04 3.353419e+00
1.361200e+04 3.353617e+00
1.361300e+04 3.353816e+00
1.361400e+04 3.354015e+00
1.361500e+04 3.354214e+00
1.361600e+04 3.354413e+00
1.361700e+04 3.354612e+00
1.361800e+04 3.354811e+00
1.361900e+04 3.355010e+00
1.362000e+04 3.355209e+00
1.362100e+04 3.355407e+00
1.362200e+04 3.355606e+00
1.362300e+04 3.355805e+00
1.362400e+04 3.356004e+00
1.362500e+04 3.356203e+00
1.362600e+04 3.356402e+00
1.362700e+04 3.356601e+00
1.362800e+04 3.356800e+00
1.362900e+04 3.356999e+00
1.363000e+04 3.357197e+00
1.363100e+04 3.357396e+00
1.363200e+04 3.357595e+00
1.363300e+04 3.357794e+00
1.363400e+04 3.357993e+00
1.363500e+04 3.358192e+00
1.363600e+04 3.358391e+00
1.363700e+04 3.358590e+00
1.363800e+04 3.358789e+00
1.363900e+04 3.358987e+00
1.364000e+04 3.359186e+00
1.364100e+04 3.359385e+00
1.364200e+04 3.359584e+00
1.364300e+04 3.359783e+00
1.364400e+04 3.359982e+00
1.364500e+04 3.360181e+00
1.364600e+04 3.360380e+00
1.364700e+04 3.360579e+00
1.364800e+04 3.360777e+00
1.364900e+04 3.360976e+00
1.365000e+04 3.361175e+00
1.365100e+04 3.361374e+00
1.365200e+04 3.361573e+00
1.365300e+04 3.361772e+00
1.365400e+04 3.361971e+00
1.365500e+04 3.362170e+00
1.365600e+04 3.362368e+00
1.365700e+04 3.362567e+00
1.365800e+04 3.362766e+00
1.365900e+04 3.362965e+00
1.366000e+04 3.363164e+00
1.366100e+04 3.363363e+00
1.366200e+04 3.363562e+00
1.366300e+04 3.363761e+00
1.366400e+04 3.363960e+00
1.366500e+04 3.364158e+00
1.366600e+04 3.364357e+00
1.366700e+04 3.364556e+00
1.366800e+04 3.364755e+00
1.366900e+04 3.364954e+00
1.367000e+04 3.365153e+00
1.367100e+04 3.365352e+00
1.367200e+04 3.365551e+00
1.367300e+04 3.365750e+00
1.367400e+04 3.365948e+00
1.367500e+04 3.366147e+00
1.367600e+04 3.366346e+00
1.367700e+04 3.366545e+00
1.367800e+04 3.366744e+00
1.367900e+04 3.366943e+00
1.368000e+04 3.367142e+00
1.368100e+04 3.367341e+00
1.368200e+04 3.367540e+00
1.368300e+04 3.367738e+00
1.368400e+04 3.367937e+00
1.368500e+04 3.368136e+00
1.368600e+04 3.368335e+00
1.368700e+04 3.368534e+00
1.368800e+04 3.368733e+00
1.368900e+04 3.368932e+00
1.369000e+04 3.369131e+00
1.369100e+04 3.369330e+00
1.369200e+04 3.369528e+00
1.369300e+04 3.369727e+00
1.369400e+04 3.369926e+00
1.369500e+04 3.370125e+00
1.369600e+04 3.370324e+00
1.369700e+04 3.370523e+00
1.369800e+04 3.370722e+00
1.369900e+04 3.370921e+00
1.370000e+04 3.371120e+00
1.370100e+04 3.371318e+00
1.370200e+04 3.371517e+00
1.370300e+04 3.371716e+00
1.370400e+04 3.371915e+00
1.370500e+04 3.372114e+00
1.370600e+04 3.372313e+00
1.370700e+04 3.372512e+00
1.370800e+04 3.372711e+00
1.370900e+04 3.372910e+00
1.371000e+04 3.373108e+00
1.371100e+04 3.373307e+00
1.371200e+04 3.373506e+00
1.371300e+04 3.373705e+00
1.371400e+04 3.373904e+00
1.371500e+04 3.374103e+00
1.371600e+04 3.374302e+00
1.371700e+04 3.374501e+00
1.371800e+04 3.374700e+00
1.371900e+04 3.374898e+00
1.372000e+04 3.375097e+00
1.372100e+04 3.375296e+00
1.372200e+04 3.375495e+00
1.372300e+04 3.375694e+00
1.372400e+04 3.375893e+00
1.372500e+04 3.376092e+00
1.372600e+04 3.376291e+00
1.372700e+04 3.376490e+00
1.372800e+04 3.376688e+00
1.372900e+04 3.376887e+00
1.373000e+04 3.377086e+00
1.373100e+04 3.377285e+00
1.373200e+04 3.377484e+00
1.373300e+04 3.377683e+00
1.373400e+04 3.377882e+00
1.373500e+04 3.378081e+00
1.373600e+04 3.378279e+00
1.373700e+04 3.378478e+00
1.373800e+04 3.378677e+00
1.373900e+04 3.378876e+00
1.374000e+04 3.379075e+00
1.374100e+04 3.379274e+00
1.374200e+04 3.379473e+00
1.374300e+04 3.379672e+00
1.374400e+04 3.379871e+00
1.374500e+04 3.380069e+00
1.374600e+04 3.380268e+00
1.374700e+04 3.380467e+00
1.374800e+04 3.380666e+00
1.374900e+04 3.380865e+00
1.375000e+04 3.381064e+00
1.375100e+04 3.381263e+00
1.375200e+04 3.381462e+00
1.375300e+04 3.381661e+00
1.375400e+04 3.381859e+00
1.375500e+04 3.382058e+00
1.375600e+04 3.382257e+00
1.375700e+04 3.382456e+00
1.375800e+04 3.382655e+00
1.375900e+04 3.382854e+00
1.376000e+04 3.383053e+00
1.376100e+04 3.383252e+00
1.376200e+04 3.383451e+00
1.376300e+04 3.383649e+00
1.376400e+04 3.383848e+00
1.376500e+04 3.384047e+00
1.376600e+04 3.384246e+00
1.376700e+04 3.384445e+00
1.376800e+04 3.384644e+00
1.376900e+04 3.384843e+00
1.377000e+04 3.385042e+00
1.377100e+04 3.385241e+00
1.377200e+04 3.385439e+00
1.377300e+04 3.385638e+00
1.377400e+04 3.385837e+00
1.377500e+04 3.386036e+00
1.377600e+04 3.386235e+00
1.377700e+04 3.386434e+00
1.377800e+04 3.386633e+00
1.377900e+04 3.386832e+00
1.378000e+04 3.387031e+00
1.378100e+04 3.387229e+00
1.378200e+04 3.387428e+00
1.378300e+04 3.387627e+00
1.378400e+04 3.387826e+00
1.378500e+04 3.388025e+00
1.378600e+04 3.388224e+00
1.378700e+04 3.388423e+00
1.378800e+04 3.388622e+00
1.378900e+04 3.388821e+00
1.379000e+04 3.389019e+00
1.379100e+04 3.389218e+00
1.379200e+04 3.389417e+00
1.379300e+04 3.389616e+00
1.379400e+04 3.389815e+00
1.379500e+04 3.390014e+00
1.379600e+04 3.390213e+00
1.379700e+04 3.390412e+00
1.379800e+04 3.390611e+00
1.379900e+04 3.390809e+00
1.380000e+04 3.391008e+00
1.380100e+04 3.391207e+00
1.380200e+04 3.391406e+00
1.380300e+04 3.391605e+00
1.380400e+04 3.391804e+00
1.380500e+04 3.392003e+00
1.380600e+04 3.392202e+00
1.380700e+04 3.392401e+00
1.380800e+04 3.392599e+00
1.380900e+04 3.392798e+00
1.381000e+04 3.392997e+00
1.381100e+04 3.393196e+00
1.381200e+04 3.393395e+00
1.381300e+04 3.393594e+00
1.381400e+04 3.393793e+00
1.381500e+04 3.393992e+00
1.381600e+04 3.394191e+00
1.381700e+04 3.394389e+00
1.381800e+04 3.394588e+00
1.381900e+04 3.394787e+00
1.382000e+04 3.394986e+00
1.382100e+04 3.395185e+00
1.382200e+04 3.395384e+00
1.382300e+04 3.395583e+00
1.382400e+04 3.395782e+00
1.382500e+04 3.395980e+00
1.382600e+04 3.396179e+00
1.382700e+04 3.396378e+00
1.382800e+04 3.396577e+00
1.382900e+04 3.396776e+00
1.383000e+04 3.396975e+00
1.383100e+04 3.397174e+00
1.383200e+04 3.397373e+00
1.383300e+04 3.397572e+00
1.383400e+04 3.397770e+00
1.383500e+04 3.397969e+00
1.383600e+04 3.398168e+00
1.383700e+04 3.398367e+00
1.383800e+04 3.398566e+00
1.383900e+04 3.398765e+00
1.384000e+04 3.398964e+00
1.384100e+04 3.399163e+00
1.384200e+04 3.399362e+00
1.384300e+04 3.399560e+00
1.384400e+04 3.399759e+00
1.384500e+04 3.399958e+00
1.384600e+04 3.400157e+00
1.384700e+04 3.400356e+00
1.384800e+04 3.400555e+00
1.384900e+04 3.400754e+00
1.385000e+04 3.400953e+00
1.385100e+04 3.401152e+00
1.385200e+04 3.401350e+00
1.385300e+04 3.401549e+00
1.385400e+04 3.401748e+00
1.385500e+04 3.401947e+00
1.385600e+04 3.402146e+00
1.385700e+04 3.402345e+00
1.385800e+04 3.402544e+00
1.385900e+04 3.402743e+00
1.386000e+04 3.402942e+00
1.386100e+04 3.403140e+00
1.386200e+04 3.403339e+00
1.386300e+04 3.403538e+00
1.386400e+04 3.403737e+00
1.386500e+04 3.403936e+00
1.386600e+04 3.404135e+00
1.386700e+04 3.404334e+00
1.386800e+04 3.404533e+00
1.386900e+04 3.404732e+00
1.387000e+04 3.404930e+00
1.387100e+04 3.405129e+00
1.387200e+04 3.405328e+00
1.387300e+04 3.405527e+00
1.387400e+04 3.405726e+00
1.387500e+04 3.405925e+00
1.387600e+04 3.406124e+00
1.387700e+04 3.406323e+00
1.387800e+04 3.406522e+00
1.387900e+04 3.406720e+00
1.388000e+04 3.406919e+00
1.388100e+04 3.407118e+00
1.388200e+04 3.407317e+00
1.388300e+04 3.407516e+00
1.388400e+04 3.407715e+00
1.388500e+04 3.407914e+00
1.388600e+04 3.408113e+00
1.388700e+04 3.408312e+00
1.388800e+04 3.408510e+00
1.388900e+04 3.408709e+00
1.389000e+04 3.408908e+00
1.389100e+04 3.409107e+00
1.389200e+04 3.409306e+00
1.389300e+04 3.409505e+00
1.389400e+04 3.409704e+00
1.389500e+04 3.409903e+00
1.389600e+04 3.410102e+00
1.389700e+04 3.410300e+00
1.389800e+04 3.410499e+00
1.389900e+04 3.410698e+00
1.390000e+04 3.410897e+00
1.390100e+04 3.411096e+00
1.390200e+04 3.411295e+00
1.390300e+04 3.411494e+00
1.390400e+04 3.411693e+00
1.390500e+04 3.411891e+00
1.390600e+04 3.412090e+00
1.390700e+04 3.412289e+00
1.390800e+04 3.412488e+00
1.390900e+04 3.412687e+00
1.391000e+04 3.412886e+00
1.391100e+04 3.413085e+00
1.391200e+04 3.413284e+00
1.391300e+04 3.413483e+00
1.391400e+04 3.413681e+00
1.391500e+04 3.413880e+00
1.391600e+04 3.414079e+00
1.391700e+04 3.414278e+00
1.391800e+04 3.414477e+00
1.391900e+04 3.414676e+00
1.392000e+04 3.414875e+00
1.392100e+04 3.415074e+00
1.392200e+04 3.415273e+00
1.392300e+04 3.415471e+00
1.392400e+04 3.415670e+00
1.392500e+04 3.415869e+00
1.392600e+04 3.416068e+00
1.392700e+04 3.416267e+00
1.392800e+04 3.416466e+00
1.392900e+04 3.416665e+00
1.393000e+04 3.416864e+00
1.393100e+04 3.417063e+00
1.393200e+04 3.417261e+00
1.393300e+04 3.417460e+00
1.393400e+04 3.417659e+00
1.393500e+04 3.417858e+00
1.393600e+04 3.418057e+00
1.393700e+04 3.418256e+00
1.393800e+04 3.418455e+00
1.393900e+04 3.418654e+00
1.394000e+04 3.418853e+00
1.394100e+04 3.419051e+00
1.394200e+04 3.419250e+00
1.394300e+04 3.419449e+00
1.394400e+04 3.419648e+00
1.394500e+04 3.419847e+00
1.394600e+04 3.420046e+00
1.394700e+04 3.420245e+00
1.394800e+04 3.420444e+00
1.394900e+04 3.420643e+00
1.395000e+04 3.420841e+00
1.395100e+04 3.421040e+00
1.395200e+04 3.421239e+00
1.395300e+04 3.421438e+00
1.395400e+04 3.421637e+00
1.395500e+04 3.421836e+00
1.395600e+04 3.422035e+00
1.395700e+04 3.422234e+00
1.395800e+04 3.422433e+00
1.395900e+04 3.422631e+00
1.396000e+04 3.422830e+00
1.396100e+04 3.423029e+00
1.396200e+04 3.423228e+00
1.396300e+04 3.423427e+00
1.396400e+04 3.423626e+00
1.396500e+04 3.423825e+00
1.396600e+04 3.424024e+00
1.396700e+04 3.424223e+00
1.396800e+04 3.424421e+00
1.396900e+04 3.424620e+00
1.397000e+04 3.424819e+00
1.397100e+04 3.425018e+00
1.397200e+04 3.425217e+00
1.397300e+04 3.425416e+00
1.397400e+04 3.425615e+00
1.397500e+04 3.425814e+00
1.397600e+04 3.426013e+00
1.397700e+04 3.426211e+00
1.397800e+04 3.426410e+00
1.397900e+04 3.426609e+00
1.398000e+04 3.426808e+00
1.398100e+04 3.427007e+00
1.398200e+04 3.427206e+00
1.398300e+04 3.427405e+00
1.398400e+04 3.427604e+00
1.398500e+04 3.427803e+00
1.398600e+04 3.428001e+00
1.398700e+04 3.428200e+00
1.398800e+04 3.428399e+00
1.398900e+04 3.428598e+00
1.399000e+04 3.428797e+00
1.399100e+04 3.428996e+00
1.399200e+04 3.429195e+00
1.399300e+04 3.429394e+00
1.399400e+04 3.429592e+00
1.399500e+04 3.429791e+00
1.399600e+04 3.429990e+00
1.399700e+04 3.430189e+00
1.399800e+04 3.430388e+00
1.399900e+04 3.430587e+00
1.400000e+04 3.430786e+00
1.400100e+04 3.430985e+00
1.400200e+04 3.431184e+00
1.400300e+04 3.431382e+00
1.400400e+04 3.431581e+00
1.400500e+04 3.431780e+00
1.400600e+04 3.431979e+00
1.400700e+04 3.432178e+00
1.400800e+04 3.432377e+00
1.400900e+04 3.432576e+00
1.401000e+04 3.432775e+00
1.401100e+04 3.432974e+00
1.401200e+04 3.433172e+00
1.401300e+04 3.433371e+00
1.401400e+04 3.433570e+00
1.401500e+04 3.433769e+00
1.401600e+04 3.433968e+00
1.401700e+04 3.434167e+00
1.401800e+04 3.434366e+00
1.401900e+04 3.434565e+00
1.402000e+04 3.434764e+00
1.402100e+04 3.434962e+00
1.402200e+04 3.435161e+00
1.402300e+04 3.435360e+00
1.402400e+04 3.435559e+00
1.402500e+04 3.435758e+00
1.402600e+04 3.435957e+00
1.402700e+04 3.436156e+00
1.402800e+04 3.436355e+00
1.402900e+04 3.436554e+00
1.403000e+04 3.436752e+00
1.403100e+04 3.436951e+00
1.403200e+04 3.437150e+00
1.403300e+04 3.437349e+00
1.403400e+04 3.437548e+00
1.403500e+04 3.437747e+00
1.403600e+04 3.437946e+00
1.403700e+04 3.438145e+00
1.403800e+04 3.438344e+00
1.403900e+04 3.438542e+00
1.404000e+04 3.438741e+00
1.404100e+04 3.438940e+00
1.404200e+04 3.439139e+00
1.404300e+04 3.439338e+00
1.404400e+04 3.439537e+00
1.404500e+04 3.439736e+00
1.404600e+04 3.439935e+00
1.404700e+04 3.440134e+00
1.404800e+04 3.440332e+00
1.404900e+04 3.440531e+00
1.405000e+04 3.440730e+00
1.405100e+04 3.440929e+00
1.405200e+04 3.441128e+00
1.405300e+04 3.441327e+00
1.405400e+04 3.441526e+00
1.405500e+04 3.441725e+00
1.405600e+04 3.441924e+00
1.405700e+04 3.442122e+00
1.405800e+04 3.442321e+00
1.405900e+04 3.442520e+00
1.406000e+04 3.442719e+00
1.406100e+04 3.442918e+00
1.406200e+04 3.443117e+00
1.406300e+04 3.443316e+00
1.406400e+04 3.443515e+00
1.406500e+04 3.443714e+00
1.406600e+04 3.443912e+00
1.406700e+04 3.444111e+00
1.406800e+04 3.444310e+00
1.406900e+04 3.444509e+00
1.407000e+04 3.444708e+00
1.407100e+04 3.444907e+00
1.407200e+04 3.445106e+00
1.407300e+04 3.445305e+00
1.407400e+04 3.445503e+00
1.407500e+04 3.445702e+00
1.407600e+04 3.445901e+00
1.407700e+04 3.446100e+00
1.407800e+04 3.446299e+00
1.407900e+04 3.446498e+00
1.408000e+04 3.446697e+00
1.408100e+04 3.446896e+00
1.408200e+04 3.447095e+00
1.408300e+04 3.447293e+00
1.408400e+04 3.447492e+00
1.408500e+04 3.447691e+00
1.408600e+04 3.447890e+00
1.408700e+04 3.448089e+00
1.408800e+04 3.448288e+00
1.408900e+04 3.448487e+00
1.409000e+04 3.448686e+00
1.409100e+04 3.448885e+00
1.409200e+04 3.449083e+00
1.409300e+04 3.449282e+00
1.409400e+04 3.449481e+00
1.409500e+04 3.449680e+00
1.409600e+04 3.449879e+00
1.409700e+04 3.450078e+00
1.409800e+04 3.450277e+00
1.409900e+04 3.450476e+00
1.410000e+04 3.450675e+00
1.410100e+04 3.450873e+00
1.410200e+04 3.451072e+00
1.410300e+04 3.451271e+00
1.410400e+04 3.451470e+00
1.410500e+04 3.451669e+00
1.410600e+04 3.451868e+00
1.410700e+04 3.452067e+00
1.410800e+04 3.452266e+00
1.410900e+04 3.452465e+00
1.411000e+04 3.452663e+00
1.411100e+04 3.452862e+00
1.411200e+04 3.453061e+00
1.411300e+04 3.453260e+00
1.411400e+04 3.453459e+00
1.411500e+04 3.453658e+00
1.411600e+04 3.453857e+00
1.411700e+04 3.454056e+00
1.411800e+04 3.454255e+00
1.411900e+04 3.454453e+00
1.412000e+04 3.454652e+00
1.412100e+04 3.454851e+00
1.412200e+04 3.455050e+00
1.412300e+04 3.455249e+00
1.412400e+04 3.455448e+00
1.412500e+04 3.455647e+00
1.412600e+04 3.455846e+00
1.412700e+04 3.456045e+00
1.412800e+04 3.456243e+00
1.412900e+04 3.456442e+00
1.413000e+04 3.456641e+00
1.413100e+04 3.456840e+00
1.413200e+04 3.457039e+00
1.413300e+04 3.457238e+00
1.413400e+04 3.457437e+00
1.413500e+04 3.457636e+00
1.413600e+04 3.457835e+00
1.413700e+04 3.458033e+00
1.413800e+04 3.458232e+00
1.413900e+04 3.458431e+00
1.414000e+04 3.458630e+00
1.414100e+04 3.458829e+00
1.414200e+04 3.459028e+00
1.414300e+04 3.459227e+00
1.414400e+04 3.459426e+00
1.414500e+04 3.459625e+00
1.414600e+04 3.459823e+00
1.414700e+04 3.460022e+00
1.414800e+04 3.460221e+00
1.414900e+04 3.460420e+00
1.415000e+04 3.460619e+00
1.415100e+04 3.460818e+00
1.415200e+04 3.461017e+00
1.415300e+04 3.461216e+00
1.415400e+04 3.461415e+00
1.415500e+04 3.461613e+00
1.415600e+04 3.461812e+00
1.415700e+04 3.462011e+00
1.415800e+04 3.462210e+00
1.415900e+04 3.462409e+00
1.416000e+04 3.462608e+00
1.416100e+04 3.462807e+00
1.416200e+04 3.463006e+00
1.416300e+04 3.463204e+00
1.416400e+04 3.463403e+00
1.416500e+04 3.463602e+00
1.416600e+04 3.463801e+00
1.416700e+04 3.464000e+00
1.416800e+04 3.464199e+00
1.416900e+04 3.464398e+00
1.417000e+04 3.464597e+00
1.417100e+04 3.464796e+00
1.417200e+04 3.464994e+00
1.417300e+04 3.465193e+00
1.417400e+04 3.465392e+00
1.417500e+04 3.465591e+00
1.417600e+04 3.465790e+00
1.417700e+04 3.465989e+00
1.417800e+04 3.466188e+00
1.417900e+04 3.466387e+00
1.418000e+04 3.466586e+00
1.418100e+04 3.466784e+00
1.418200e+04 3.466983e+00
1.418300e+04 3.467182e+00
1.418400e+04 3.467381e+00
1.418500e+04 3.467580e+00
1.418600e+04 3.467779e+00
1.418700e+04 3.467978e+00
1.418800e+04 3.468177e+00
1.418900e+04 3.468376e+00
1.419000e+04 3.468574e+00
1.419100e+04 3.468773e+00
1.419200e+04 3.468972e+00
1.419300e+04 3.469171e+00
1.419400e+04 3.469370e+00
1.419500e+04 3.469569e+00
1.419600e+04 3.469768e+00
1.419700e+04 3.469967e+00
1.419800e+04 3.470166e+00
1.419900e+04 3.470364e+00
1.420000e+04 3.470563e+00
1.420100e+04 3.470762e+00
1.420200e+04 3.470961e+00
1.420300e+04 3.471160e+00
1.420400e+04 3.471359e+00
1.420500e+04 3.471558e+00
1.420600e+04 3.471757e+00
1.420700e+04 3.471956e+00
1.420800e+04 3.472154e+00
1.420900e+04 3.472353e+00
1.421000e+04 3.472552e+00
1.421100e+04 3.472751e+00
1.421200e+04 3.472950e+00
1.421300e+04 3.473149e+00
1.421400e+04 3.473348e+00
1.421500e+04 3.473547e+00
1.421600e+04 3.473746e+00
1.421700e+04 3.473944e+00
1.421800e+04 3.474143e+00
1.421900e+04 3.474342e+00
1.422000e+04 3.474541e+00
1.422100e+04 3.474740e+00
1.422200e+04 3.474939e+00
1.422300e+04 3.475138e+00
1.422400e+04 3.475337e+00
1.422500e+04 3.475536e+00
1.422600e+04 3.475734e+00
1.422700e+04 3.475933e+00
1.422800e+04 3.476132e+00
1.422900e+04 3.476331e+00
1.423000e+04 3.476530e+00
1.423100e+04 3.476729e+00
1.423200e+04 3.476928e+00
1.423300e+04 3.477127e+00
1.423400e+04 3.477326e+00
1.423500e+04 3.477524e+00
1.423600e+04 3.477723e+00
1.423700e+04 3.477922e+00
1.423800e+04 3.478121e+00
1.423900e+04 3.478320e+00
1.424000e+04 3.478519e+00
1.424100e+04 3.478718e+00
1.424200e+04 3.478917e+00
1.424300e+04 3.479115e+00
1.424400e+04 3.479314e+00
1.424500e+04 3.479513e+00
1.424600e+04 3.479712e+00
1.424700e+04 3.479911e+00
1.424800e+04 3.480110e+00
1.424900e+04 3.480309e+00
1.425000e+04 3.480508e+00
1.425100e+04 3.480707e+00
1.425200e+04 3.480905e+00
1.425300e+04 3.481104e+00
1.425400e+04 3.481303e+00
1.425500e+04 3.481502e+00
1.425600e+04 3.481701e+00
1.425700e+04 3.481900e+00
1.425800e+04 3.482099e+00
1.425900e+04 3.482298e+00
1.426000e+04 3.482497e+00
1.426100e+04 3.482695e+00
1.426200e+04 3.482894e+00
1.426300e+04 3.483093e+00
1.426400e+04 3.483292e+00
1.426500e+04 3.483491e+00
1.426600e+04 3.483690e+00
1.426700e+04 3.483889e+00
1.426800e+04 3.484088e+00
1.426900e+04 3.484287e+00
1.427000e+04 3.484485e+00
1.427100e+04 3.484684e+00
1.427200e+04 3.484883e+00
1.427300e+04 3.485082e+00
1.427400e+04 3.485281e+00
1.427500e+04 3.485480e+00
1.427600e+04 3.485679e+00
1.427700e+04 3.485878e+00
1.427800e+04 3.486077e+00
1.427900e+04 3.486275e+00
1.428000e+04 3.486474e+00
1.428100e+04 3.486673e+00
1.428200e+04 3.486872e+00
1.428300e+04 3.487071e+00
1.428400e+04 3.487270e+00
1.428500e+04 3.487469e+00
1.428600e+04 3.487668e+00
1.428700e+04 3.487867e+00
1.428800e+04 3.488065e+00
1.428900e+04 3.488264e+00
1.429000e+04 3.488463e+00
1.429100e+04 3.488662e+00
1.429200e+04 3.488861e+00
1.429300e+04 3.489060e+00
1.429400e+04 3.489259e+00
1.429500e+04 3.489458e+00
1.429600e+04 3.489657e+00
1.429700e+04 3.489855e+00
1.429800e+04 3.490054e+00
1.429900e+04 3.490253e+00
1.430000e+04 3.490452e+00
1.430100e+04 3.490651e+00
1.430200e+04 3.490850e+00
1.430300e+04 3.491049e+00
1.430400e+04 3.491248e+00
1.430500e+04 3.491447e+00
1.430600e+04 3.491645e+00
1.430700e+04 3.491844e+00
1.430800e+04 3.492043e+00
1.430900e+04 3.492242e+00
1.431000e+04 3.492441e+00
1.431100e+04 3.492640e+00
1.431200e+04 3.492839e+00
1.431300e+04 3.493038e+00
1.431400e+04 3.493237e+00
1.431500e+04 3.493435e+00
1.431600e+04 3.493634e+00
1.431700e+04 3.493833e+00
1.431800e+04 3.494032e+00
1.431900e+04 3.494231e+00
1.432000e+04 3.494430e+00
1.432100e+04 3.494629e+00
1.432200e+04 3.494828e+00
1.432300e+04 3.495027e+00
1.432400e+04 3.495225e+00
1.432500e+04 3.495424e+00
1.432600e+04 3.495623e+00
1.432700e+04 3.495822e+00
1.432800e+04 3.496021e+00
1.432900e+04 3.496220e+00
1.433000e+04 3.496419e+00
1.433100e+04 3.496618e+00
1.433200e+04 3.496816e+00
1.433300e+04 3.497015e+00
1.433400e+04 3.497214e+00
1.433500e+04 3.497413e+00
1.433600e+04 3.497612e+00
1.433700e+04 3.497811e+00
1.433800e+04 3.498010e+00
1.433900e+04 3.498209e+00
1.434000e+04 3.498408e+00
1.434100e+04 3.498606e+00
1.434200e+04 3.498805e+00
1.434300e+04 3.499004e+00
1.434400e+04 3.499203e+00
1.434500e+04 3.499402e+00
1.434600e+04 3.499601e+00
1.434700e+04 3.499800e+00
1.434800e+04 3.499999e+00
1.434900e+04 3.500198e+00
1.435000e+04 3.500396e+00
1.435100e+04 3.500595e+00
1.435200e+04 3.500794e+00
1.435300e+04 3.500993e+00
1.435400e+04 3.501192e+00
1.435500e+04 3.501391e+00
1.435600e+04 3.501590e+00
1.435700e+04 3.501789e+00
1.435800e+04 3.501988e+00
1.435900e+04 3.502186e+00
1.436000e+04 3.502385e+00
1.436100e+04 3.502584e+00
1.436200e+04 3.502783e+00
1.436300e+04 3.502982e+00
1.436400e+04 3.503181e+00
1.436500e+04 3.503380e+00
1.436600e+04 3.503579e+00
1.436700e+04 3.503778e+00
1.436800e+04 3.503976e+00
1.436900e+04 3.504175e+00
1.437000e+04 3.504374e+00
1.437100e+04 3.504573e+00
1.437200e+04 3.504772e+00
1.437300e+04 3.504971e+00
1.437400e+04 3.505170e+00
1.437500e+04 3.505369e+00
1.437600e+04 3.505568e+00
1.437700e+04 3.505766e+00
1.437800e+04 3.505965e+00
1.437900e+04 3.506164e+00
1.438000e+04 3.506363e+00
1.438100e+04 3.506562e+00
1.438200e+04 3.506761e+00
1.438300e+04 3.506960e+00
1.438400e+04 3.507159e+00
1.438500e+04 3.507358e+00
1.438600e+04 3.507556e+00
1.438700e+04 3.507755e+00
1.438800e+04 3.507954e+00
1.438900e+04 3.508153e+00
1.439000e+04 3.508352e+00
1.439100e+04 3.508551e+00
1.439200e+04 3.508750e+00
1.439300e+04 3.508949e+00
1.439400e+04 3.509148e+00
1.439500e+04 3.509346e+00
1.439600e+04 3.509545e+00
1.439700e+04 3.509744e+00
1.439800e+04 3.509943e+00
1.439900e+04 3.510142e+00
1.440000e+04 3.510341e+00
1.440100e+04 3.510540e+00
1.440200e+04 3.510739e+00
1.440300e+04 3.510938e+00
1.440400e+04 3.511136e+00
1.440500e+04 3.511335e+00
1.440600e+04 3.511534e+00
1.440700e+04 3.511733e+00
1.440800e+04 3.511932e+00
1.440900e+04 3.512131e+00
1.441000e+04 3.512330e+00
1.441100e+04 3.512529e+00
1.441200e+04 3.512727e+00
1.441300e+04 3.512926e+00
1.441400e+04 3.513125e+00
1.441500e+04 3.513324e+00
1.441600e+04 3.513523e+00
1.441700e+04 3.513722e+00
1.441800e+04 3.513921e+00
1.441900e+04 3.514120e+00
1.442000e+04 3.514319e+00
1.442100e+04 3.514517e+00
1.442200e+04 3.514716e+00
1.442300e+04 3.514915e+00
1.442400e+04 3.515114e+00
1.442500e+04 3.515313e+00
1.442600e+04 3.515512e+00
1.442700e+04 3.515711e+00
1.442800e+04 3.515910e+00
1.442900e+04 3.516109e+00
1.443000e+04 3.516307e+00
1.443100e+04 3.516506e+00
1.443200e+04 3.516705e+00
1.443300e+04 3.516904e+00
1.443400e+04 3.517103e+00
1.443500e+04 3.517302e+00
1.443600e+04 3.517501e+00
1.443700e+04 3.517700e+00
1.443800e+04 3.517899e+00
1.443900e+04 3.518097e+00
1.444000e+04 3.518296e+00
1.444100e+04 3.518495e+00
1.444200e+04 3.518694e+00
1.444300e+04 3.518893e+00
1.444400e+04 3.519092e+00
1.444500e+04 3.519291e+00
1.444600e+04 3.519490e+00
1.444700e+04 3.519689e+00
1.444800e+04 3.519887e+00
1.444900e+04 3.520086e+00
1.445000e+04 3.520285e+00
1.445100e+04 3.520484e+00
1.445200e+04 3.520683e+00
1.445300e+04 3.520882e+00
1.445400e+04 3.521081e+00
1.445500e+04 3.521280e+00
1.445600e+04 3.521479e+00
1.445700e+04 3.521677e+00
1.445800e+04 3.521876e+00
1.445900e+04 3.522075e+00
1.446000e+04 3.522274e+00
1.446100e+04 3.522473e+00
1.446200e+04 3.522672e+00
1.446300e+04 3.522871e+00
1.446400e+04 3.523070e+00
1.446500e+04 3.523269e+00
1.446600e+04 3.523467e+00
1.446700e+04 3.523666e+00
1.446800e+04 3.523865e+00
1.446900e+04 3.524064e+00
1.447000e+04 3.524263e+00
1.447100e+04 3.524462e+00
1.447200e+04 3.524661e+00
1.447300e+04 3.524860e+00
1.447400e+04 3.525059e+00
1.447500e+04 3.525257e+00
1.447600e+04 3.525456e+00
1.447700e+04 3.525655e+00
1.447800e+04 3.525854e+00
1.447900e+04 3.526053e+00
1.448000e+04 3.526252e+00
1.448100e+04 3.526451e+00
1.448200e+04 3.526650e+00
1.448300e+04 3.526849e+00
1.448400e+04 3.527047e+00
1.448500e+04 3.527246e+00
1.448600e+04 3.527445e+00
1.448700e+04 3.527644e+00
1.448800e+04 3.527843e+00
1.448900e+04 3.528042e+00
1.449000e+04 3.528241e+00
1.449100e+04 3.528440e+00
1.449200e+04 3.528639e+00
1.449300e+04 3.528837e+00
1.449400e+04 3.529036e+00
1.449500e+04 3.529235e+00
1.449600e+04 3.529434e+00
1.449700e+04 3.529633e+00
1.449800e+04 3.529832e+00
1.449900e+04 3.530031e+00
1.450000e+04 3.530230e+00
1.450100e+04 3.530428e+00
1.450200e+04 3.530627e+00
1.450300e+04 3.530826e+00
1.450400e+04 3.531025e+00
1.450500e+04 3.531224e+00
1.450600e+04 3.531423e+00
1.450700e+04 3.531622e+00
1.450800e+04 3.531821e+00
1.450900e+04 3.532020e+00
1.451000e+04 3.532218e+00
1.451100e+04 3.532417e+00
1.451200e+04 3.532616e+00
1.451300e+04 3.532815e+00
1.451400e+04 3.533014e+00
1.451500e+04 3.533213e+00
1.451600e+04 3.533412e+00
1.451700e+04 3.533611e+00
1.451800e+04 3.533810e+00
1.451900e+04 3.534008e+00
1.452000e+04 3.534207e+00
1.452100e+04 3.534406e+00
1.452200e+04 3.534605e+00
1.452300e+04 3.534804e+00
1.452400e+04 3.535003e+00
1.452500e+04 3.535202e+00
1.452600e+04 3.535401e+00
1.452700e+04 3.535600e+00
1.452800e+04 3.535798e+00
1.452900e+04 3.535997e+00
1.453000e+04 3.536196e+00
1.453100e+04 3.536395e+00
1.453200e+04 3.536594e+00
1.453300e+04 3.536793e+00
1.453400e+04 3.536992e+00
1.453500e+04 3.537191e+00
1.453600e+04 3.537390e+00
1.453700e+04 3.537588e+00
1.453800e+04 3.537787e+00
1.453900e+04 3.537986e+00
1.454000e+04 3.538185e+00
1.454100e+04 3.538384e+00
1.454200e+04 3.538583e+00
1.454300e+04 3.538782e+00
1.454400e+04 3.538981e+00
1.454500e+04 3.539180e+00
1.454600e+04 3.539378e+00
1.454700e+04 3.539577e+00
1.454800e+04 3.539776e+00
1.454900e+04 3.539975e+00
1.455000e+04 3.540174e+00
1.455100e+04 3.540373e+00
1.455200e+04 3.540572e+00
1.455300e+04 3.540771e+00
1.455400e+04 3.540970e+00
1.455500e+04 3.541168e+00
1.455600e+04 3.541367e+00
1.455700e+04 3.541566e+00
1.455800e+04 3.541765e+00
1.455900e+04 3.541964e+00
1.456000e+04 3.542163e+00
1.456100e+04 3.542362e+00
1.456200e+04 3.542561e+00
1.456300e+04 3.542760e+00
1.456400e+04 3.542958e+00
1.456500e+04 3.543157e+00
1.456600e+04 3.543356e+00
1.456700e+04 3.543555e+00
1.456800e+04 3.543754e+00
1.456900e+04 3.543953e+00
1.457000e+04 3.544152e+00
1.457100e+04 3.544351e+00
1.457200e+04 3.544550e+00
1.457300e+04 3.544748e+00
1.457400e+04 3.544947e+00
1.457500e+04 3.545146e+00
1.457600e+04 3.545345e+00
1.457700e+04 3.545544e+00
1.457800e+04 3.545743e+00
1.457900e+04 3.545942e+00
1.458000e+04 3.546141e+00
1.458100e+04 3.546339e+00
1.458200e+04 3.546538e+00
1.458300e+04 3.546737e+00
1.458400e+04 3.546936e+00
1.458500e+04 3.547135e+00
1.458600e+04 3.547334e+00
1.458700e+04 3.547533e+00
1.458800e+04 3.547732e+00
1.458900e+04 3.547931e+00
1.459000e+04 3.548129e+00
1.459100e+04 3.548328e+00
1.459200e+04 3.548527e+00
1.459300e+04 3.548726e+00
1.459400e+04 3.548925e+00
1.459500e+04 3.549124e+00
1.459600e+04 3.549323e+00
1.459700e+04 3.549522e+00
1.459800e+04 3.549721e+00
1.459900e+04 3.549919e+00
1.460000e+04 3.550118e+00
1.460100e+04 3.550317e+00
1.460200e+04 3.550516e+00
1.460300e+04 3.550715e+00
1.460400e+04 3.550914e+00
1.460500e+04 3.551113e+00
1.460600e+04 3.551312e+00
1.460700e+04 3.551511e+00
1.460800e+04 3.551709e+00
1.460900e+04 3.551908e+00
1.461000e+04 3.552107e+00
1.461100e+04 3.552306e+00
1.461200e+04 3.552505e+00
1.461300e+04 3.552704e+00
1.461400e+04 3.552903e+00
1.461500e+04 3.553102e+00
1.461600e+04 3.553301e+00
1.461700e+04 3.553499e+00
1.461800e+04 3.553698e+00
1.461900e+04 3.553897e+00
1.462000e+04 3.554096e+00
1.462100e+04 3.554295e+00
1.462200e+04 3.554494e+00
1.462300e+04 3.554693e+00
1.462400e+04 3.554892e+00
1.462500e+04 3.555091e+00
1.462600e+04 3.555289e+00
1.462700e+04 3.555488e+00
1.462800e+04 3.555687e+00
1.462900e+04 3.555886e+00
1.463000e+04 3.556085e+00
1.463100e+04 3.556284e+00
1.463200e+04 3.556483e+00
1.463300e+04 3.556682e+00
1.463400e+04 3.556881e+00
1.463500e+04 3.557079e+00
1.463600e+04 3.557278e+00
1.463700e+04 3.557477e+00
1.463800e+04 3.557676e+00
1.463900e+04 3.557875e+00
1.464000e+04 3.558074e+00
1.464100e+04 3.558273e+00
1.464200e+04 3.558472e+00
1.464300e+04 3.558671e+00
1.464400e+04 3.558869e+00
1.464500e+04 3.559068e+00
1.464600e+04 3.559267e+00
1.464700e+04 3.559466e+00
1.464800e+04 3.559665e+00
1.464900e+04 3.559864e+00
1.465000e+04 3.560063e+00
1.465100e+04 3.560262e+00
1.465200e+04 3.560461e+00
1.465300e+04 3.560659e+00
1.465400e+04 3.560858e+00
1.465500e+04 3.561057e+00
1.465600e+04 3.561256e+00
1.465700e+04 3.561455e+00
1.465800e+04 3.561654e+00
1.465900e+04 3.561853e+00
1.466000e+04 3.562052e+00
1.466100e+04 3.562251e+00
1.466200e+04 3.562449e+00
1.466300e+04 3.562648e+00
1.466400e+04 3.562847e+00
1.466500e+04 3.563046e+00
1.466600e+04 3.563245e+00
1.466700e+04 3.563444e+00
1.466800e+04 3.563643e+00
1.466900e+04 3.563842e+00
1.467000e+04 3.564040e+00
1.467100e+04 3.564239e+00
1.467200e+04 3.564438e+00
1.467300e+04 3.564637e+00
1.467400e+04 3.564836e+00
1.467500e+04 3.565035e+00
1.467600e+04 3.565234e+00
1.467700e+04 3.565433e+00
1.467800e+04 3.565632e+00
1.467900e+04 3.565830e+00
1.468000e+04 3.566029e+00
1.468100e+04 3.566228e+00
1.468200e+04 3.566427e+00
1.468300e+04 3.566626e+00
1.468400e+04 3.566825e+00
1.468500e+04 3.567024e+00
1.468600e+04 3.567223e+00
1.468700e+04 3.567422e+00
1.468800e+04 3.567620e+00
1.468900e+04 3.567819e+00
1.469000e+04 3.568018e+00
1.469100e+04 3.568217e+00
1.469200e+04 3.568416e+00
1.469300e+04 3.568615e+00
1.469400e+04 3.568814e+00
1.469500e+04 3.569013e+00
1.469600e+04 3.569212e+00
1.469700e+04 3.569410e+00
1.469800e+04 3.569609e+00
1.469900e+04 3.569808e+00
1.470000e+04 3.570007e+00
1.470100e+04 3.570206e+00
1.470200e+04 3.570405e+00
1.470300e+04 3.570604e+00
1.470400e+04 3.570803e+00
1.470500e+04 3.571002e+00
1.470600e+04 3.571200e+00
1.470700e+04 3.571399e+00
1.470800e+04 3.571598e+00
1.470900e+04 3.571797e+00
1.471000e+04 3.571996e+00
1.471100e+04 3.572195e+00
1.471200e+04 3.572394e+00
1.471300e+04 3.572593e+00
1.471400e+04 3.572792e+00
1.471500e+04 3.572990e+00
1.471600e+04 3.573189e+00
1.471700e+04 3.573388e+00
1.471800e+04 3.573587e+00
1.471900e+04 3.573786e+00
1.472000e+04 3.573985e+00
1.472100e+04 3.574184e+00
1.472200e+04 3.574383e+00
1.472300e+04 3.574582e+00
1.472400e+04 3.574780e+00
1.472500e+04 3.574979e+00
1.472600e+04 3.575178e+00
1.472700e+04 3.575377e+00
1.472800e+04 3.575576e+00
1.472900e+04 3.575775e+00
1.473000e+04 3.575974e+00
1.473100e+04 3.576173e+00
1.473200e+04 3.576372e+00
1.473300e+04 3.576570e+00
1.473400e+04 3.576769e+00
1.473500e+04 3.576968e+00
1.473600e+04 3.577167e+00
1.473700e+04 3.577366e+00
1.473800e+04 3.577565e+00
1.473900e+04 3.577764e+00
1.474000e+04 3.577963e+00
1.474100e+04 3.578162e+00
1.474200e+04 3.578360e+00
1.474300e+04 3.578559e+00
1.474400e+04 3.578758e+00
1.474500e+04 3.578957e+00
1.474600e+04 3.579156e+00
1.474700e+04 3.579355e+00
1.474800e+04 3.579554e+00
1.474900e+04 3.579753e+00
1.475000e+04 3.579951e+00
1.475100e+04 3.580150e+00
1.475200e+04 3.580349e+00
1.475300e+04 3.580548e+00
1.475400e+04 3.580747e+00
1.475500e+04 3.580946e+00
1.475600e+04 3.581145e+00
1.475700e+04 3.581344e+00
1.475800e+04 3.581543e+00
1.475900e+04 3.581741e+00
1.476000e+04 3.581940e+00
1.476100e+04 3.582139e+00
1.476200e+04 3.582338e+00
1.476300e+04 3.582537e+00
1.476400e+04 3.582736e+00
1.476500e+04 3.582935e+00
1.476600e+04 3.583134e+00
1.476700e+04 3.583333e+00
1.476800e+04 3.583531e+00
1.476900e+04 3.583730e+00
1.477000e+04 3.583929e+00
1.477100e+04 3.584128e+00
1.477200e+04 3.584327e+00
1.477300e+04 3.584526e+00
1.477400e+04 3.584725e+00
1.477500e+04 3.584924e+00
1.477600e+04 3.585123e+00
1.477700e+04 3.585321e+00
1.477800e+04 3.585520e+00
1.477900e+04 3.585719e+00
1.478000e+04 3.585918e+00
1.478100e+04 3.586117e+00
1.478200e+04 3.586316e+00
1.478300e+04 3.586515e+00
1.478400e+04 3.586714e+00
1.478500e+04 3.586913e+00
1.478600e+04 3.587111e+00
1.478700e+04 3.587310e+00
1.478800e+04 3.587509e+00
1.478900e+04 3.587708e+00
1.479000e+04 3.587907e+00
1.479100e+04 3.588106e+00
1.479200e+04 3.588305e+00
1.479300e+04 3.588504e+00
1.479400e+04 3.588703e+00
1.479500e+04 3.588901e+00
1.479600e+04 3.589100e+00
1.479700e+04 3.589299e+00
1.479800e+04 3.589498e+00
1.479900e+04 3.589697e+00
1.480000e+04 3.589896e+00
1.480100e+04 3.590095e+00
1.480200e+04 3.590294e+00
1.480300e+04 3.590493e+00
1.480400e+04 3.590691e+00
1.480500e+04 3.590890e+00
1.480600e+04 3.591089e+00
1.480700e+04 3.591288e+00
1.480800e+04 3.591487e+00
1.480900e+04 3.591686e+00
1.481000e+04 3.591885e+00
1.481100e+04 3.592084e+00
1.481200e+04 3.592283e+00
1.481300e+04 3.592481e+00
1.481400e+04 3.592680e+00
1.481500e+04 3.592879e+00
1.481600e+04 3.593078e+00
1.481700e+04 3.593277e+00
1.481800e+04 3.593476e+00
1.481900e+04 3.593675e+00
1.482000e+04 3.593874e+00
1.482100e+04 3.594073e+00
1.482200e+04 3.594271e+00
1.482300e+04 3.594470e+00
1.482400e+04 3.594669e+00
1.482500e+04 3.594868e+00
1.482600e+04 3.595067e+00
1.482700e+04 3.595266e+00
1.482800e+04 3.595465e+00
1.482900e+04 3.595664e+00
1.483000e+04 3.595863e+00
1.483100e+04 3.596061e+00
1.483200e+04 3.596260e+00
1.483300e+04 3.596459e+00
1.483400e+04 3.596658e+00
1.483500e+04 3.596857e+00
1.483600e+04 3.597056e+00
1.483700e+04 3.597255e+00
1.483800e+04 3.597454e+00
1.483900e+04 3.597652e+00
1.484000e+04 3.597851e+00
1.484100e+04 3.598050e+00
1.484200e+04 3.598249e+00
1.484300e+04 3.598448e+00
1.484400e+04 3.598647e+00
1.484500e+04 3.598846e+00
1.484600e+04 3.599045e+00
1.484700e+04 3.599244e+00
1.484800e+04 3.599442e+00
1.484900e+04 3.599641e+00
1.485000e+04 3.599840e+00
1.485100e+04 3.600039e+00
1.485200e+04 3.600238e+00
1.485300e+04 3.600437e+00
1.485400e+04 3.600636e+00
1.485500e+04 3.600835e+00
1.485600e+04 3.601034e+00
1.485700e+04 3.601232e+00
1.485800e+04 3.601431e+00
1.485900e+04 3.601630e+00
1.486000e+04 3.601829e+00
1.486100e+04 3.602028e+00
1.486200e+04 3.602227e+00
1.486300e+04 3.602426e+00
1.486400e+04 3.602625e+00
1.486500e+04 3.602824e+00
1.486600e+04 3.603022e+00
1.486700e+04 3.603221e+00
1.486800e+04 3.603420e+00
1.486900e+04 3.603619e+00
1.487000e+04 3.603818e+00
1.487100e+04 3.604017e+00
1.487200e+04 3.604216e+00
1.487300e+04 3.604415e+00
1.487400e+04 3.604614e+00
1.487500e+04 3.604812e+00
1.487600e+04 3.605011e+00
1.487700e+04 3.605210e+00
1.487800e+04 3.605409e+00
1.487900e+04 3.605608e+00
1.488000e+04 3.605807e+00
1.488100e+04 3.606006e+00
1.488200e+04 3.606205e+00
1.488300e+04 3.606404e+00
1.488400e+04 3.606602e+00
1.488500e+04 3.606801e+00
1.488600e+04 3.607000e+00
1.488700e+04 3.607199e+00
1.488800e+04 3.607398e+00
1.488900e+04 3.607597e+00
1.489000e+04 3.607796e+00
1.489100e+04 3.607995e+00
1.489200e+04 3.608194e+00
1.489300e+04 3.608392e+00
1.489400e+04 3.608591e+00
1.489500e+04 3.608790e+00
1.489600e+04 3.608989e+00
1.489700e+04 3.609188e+00
1.489800e+04 3.609387e+00
1.489900e+04 3.609586e+00
1.490000e+04 3.609785e+00
1.490100e+04 3.609984e+00
1.490200e+04 3.610182e+00
1.490300e+04 3.610381e+00
1.490400e+04 3.610580e+00
1.490500e+04 3.610779e+00
1.490600e+04 3.610978e+00
1.490700e+04 3.611177e+00
1.490800e+04 3.611376e+00
1.490900e+04 3.611575e+00
1.491000e+04 3.611774e+00
1.491100e+04 3.611972e+00
1.491200e+04 3.612171e+00
1.491300e+04 3.612370e+00
1.491400e+04 3.612569e+00
1.491500e+04 3.612768e+00
1.491600e+04 3.612967e+00
1.491700e+04 3.613166e+00
1.491800e+04 3.613365e+00
1.491900e+04 3.613563e+00
1.492000e+04 3.613762e+00
1.492100e+04 3.613961e+00
1.492200e+04 3.614160e+00
1.492300e+04 3.614359e+00
1.492400e+04 3.614558e+00
1.492500e+04 3.614757e+00
1.492600e+04 3.614956e+00
1.492700e+04 3.615155e+00
1.492800e+04 3.615353e+00
1.492900e+04 3.615552e+00
1.493000e+04 3.615751e+00
1.493100e+04 3.615950e+00
1.493200e+04 3.616149e+00
1.493300e+04 3.616348e+00
1.493400e+04 3.616547e+00
1.493500e+04 3.616746e+00
1.493600e+04 3.616945e+00
1.493700e+04 3.617143e+00
1.493800e+04 3.617342e+00
1.493900e+04 3.617541e+00
1.494000e+04 3.617740e+00
1.494100e+04 3.617939e+00
1.494200e+04 3.618138e+00
1.494300e+04 3.618337e+00
1.494400e+04 3.618536e+00
1.494500e+04 3.618735e+00
1.494600e+04 3.618933e+00
1.494700e+04 3.619132e+00
1.494800e+04 3.619331e+00
1.494900e+04 3.619530e+00
1.495000e+04 3.619729e+00
1.495100e+04 3.619928e+00
1.495200e+04 3.620127e+00
1.495300e+04 3.620326e+00
1.495400e+04 3.620525e+00
1.495500e+04 3.620723e+00
1.495600e+04 3.620922e+00
1.495700e+04 3.621121e+00
1.495800e+04 3.621320e+00
1.495900e+04 3.621519e+00
1.496000e+04 3.621718e+00
1.496100e+04 3.621917e+00
1.496200e+04 3.622116e+00
1.496300e+04 3.622315e+00
1.496400e+04 3.622513e+00
1.496500e+04 3.622712e+00
1.496600e+04 3.622911e+00
1.496700e+04 3.623110e+00
1.496800e+04 3.623309e+00
1.496900e+04 3.623508e+00
1.497000e+04 3.623707e+00
1.497100e+04 3.623906e+00
1.497200e+04 3.624105e+00
1.497300e+04 3.624303e+00
1.497400e+04 3.624502e+00
1.497500e+04 3.624701e+00
1.497600e+04 3.624900e+00
1.497700e+04 3.625099e+00
1.497800e+04 3.625298e+00
1.497900e+04 3.625497e+00
1.498000e+04 3.625696e+00
1.498100e+04 3.625895e+00
1.498200e+04 3.626093e+00
1.498300e+04 3.626292e+00
1.498400e+04 3.626491e+00
1.498500e+04 3.626690e+00
1.498600e+04 3.626889e+00
1.498700e+04 3.627088e+00
1.498800e+04 3.627287e+00
1.498900e+04 3.627486e+00
1.499000e+04 3.627685e+00
1.499100e+04 3.627883e+00
1.499200e+04 3.628082e+00
1.499300e+04 3.628281e+00
1.499400e+04 3.628480e+00
1.499500e+04 3.628679e+00
1.499600e+04 3.628878e+00
1.499700e+04 3.629077e+00
1.499800e+04 3.629276e+00
1.499900e+04 3.629475e+00
1.500000e+04 3.629673e+00
