# ell C_ell
2.000000e+00 3.146721e-05
3.000000e+00 1.107133e-05
4.000000e+00 5.276235e-06
5.000000e+00 2.969326e-06
6.000000e+00 1.856375e-06
7.000000e+00 1.247938e-06
8.000000e+00 8.846879e-07
9.000000e+00 6.531418e-07
1.000000e+01 4.978791e-07
1.100000e+01 3.894800e-07
1.200000e+01 3.112660e-07
1.300000e+01 2.532650e-07
1.400000e+01 2.092468e-07
1.500000e+01 1.751723e-07
1.600000e+01 1.483392e-07
1.700000e+01 1.268895e-07
1.800000e+01 1.095149e-07
1.900000e+01 9.527518e-08
2.000000e+01 8.348141e-08
2.100000e+01 7.362079e-08
2.200000e+01 6.530570e-08
2.300000e+01 5.823926e-08
2.400000e+01 5.219124e-08
2.500000e+01 4.698114e-08
2.600000e+01 4.246598e-08
2.700000e+01 3.853142e-08
2.800000e+01 3.508526e-08
2.900000e+01 3.205254e-08
3.000000e+01 2.937186e-08
3.100000e+01 2.699257e-08
3.200000e+01 2.487264e-08
3.300000e+01 2.297697e-08
3.400000e+01 2.127607e-08
3.500000e+01 1.974506e-08
3.600000e+01 1.836282e-08
3.700000e+01 1.711133e-08
3.800000e+01 1.597518e-08
3.900000e+01 1.494111e-08
4.000000e+01 1.399767e-08
4.100000e+01 1.313494e-08
4.200000e+01 1.234430e-08
4.300000e+01 1.161821e-08
4.400000e+01 1.095007e-08
4.500000e+01 1.033411e-08
4.600000e+01 9.765214e-09
4.700000e+01 9.238881e-09
4.800000e+01 8.751118e-09
4.900000e+01 8.298383e-09
5.000000e+01 7.877520e-09
5.100000e+01 7.485712e-09
5.200000e+01 7.120443e-09
5.300000e+01 6.779455e-09
5.400000e+01 6.460720e-09
5.500000e+01 6.162413e-09
5.600000e+01 5.882889e-09
5.700000e+01 5.620660e-09
5.800000e+01 5.374380e-09
5.900000e+01 5.142830e-09
6.000000e+01 4.924899e-09
6.100000e+01 4.719580e-09
6.200000e+01 4.525954e-09
6.300000e+01 4.343182e-09
6.400000e+01 4.170497e-09
6.500000e+01 4.007198e-09
6.600000e+01 3.852642e-09
6.700000e+01 3.706239e-09
6.800000e+01 3.567446e-09
6.900000e+01 3.435765e-09
7.000000e+01 3.310735e-09
7.100000e+01 3.191934e-09
7.200000e+01 3.078968e-09
7.300000e+01 2.971478e-09
7.400000e+01 2.869126e-09
7.500000e+01 2.771604e-09
7.600000e+01 2.678623e-09
7.700000e+01 2.589917e-09
7.800000e+01 2.505237e-09
7.900000e+01 2.424352e-09
8.000000e+01 2.347047e-09
8.100000e+01 2.273122e-09
8.200000e+01 2.202390e-09
8.300000e+01 2.134677e-09
8.400000e+01 2.069820e-09
8.500000e+01 2.007667e-09
8.600000e+01 1.948074e-09
8.700000e+01 1.890909e-09
8.800000e+01 1.836047e-09
8.900000e+01 1.783369e-09
9.000000e+01 1.732766e-09
9.100000e+01 1.684135e-09
9.200000e+01 1.637378e-09
9.300000e+01 1.592405e-09
9.400000e+01 1.549128e-09
9.500000e+01 1.507466e-09
9.600000e+01 1.467344e-09
9.700000e+01 1.428690e-09
9.800000e+01 1.391435e-09
9.900000e+01 1.355515e-09
1.000000e+02 1.320870e-09
1.010000e+02 1.287442e-09
1.020000e+02 1.255177e-09
1.030000e+02 1.224025e-09
1.040000e+02 1.193935e-09
1.050000e+02 1.164864e-09
1.060000e+02 1.136766e-09
1.070000e+02 1.109600e-09
1.080000e+02 1.083328e-09
1.090000e+02 1.057912e-09
1.100000e+02 1.033317e-09
1.110000e+02 1.009509e-09
1.120000e+02 9.864562e-10
1.130000e+02 9.641286e-10
1.140000e+02 9.424971e-10
1.150000e+02 9.215343e-10
1.160000e+02 9.012139e-10
1.170000e+02 8.815112e-10
1.180000e+02 8.624022e-10
1.190000e+02 8.438645e-10
1.200000e+02 8.258763e-10
1.210000e+02 8.084172e-10
1.220000e+02 7.914674e-10
1.230000e+02 7.750082e-10
1.240000e+02 7.590215e-10
1.250000e+02 7.434904e-10
1.260000e+02 7.283984e-10
1.270000e+02 7.137298e-10
1.280000e+02 6.994697e-10
1.290000e+02 6.856037e-10
1.300000e+02 6.721181e-10
1.310000e+02 6.589998e-10
1.320000e+02 6.462361e-10
1.330000e+02 6.338150e-10
1.340000e+02 6.217250e-10
1.350000e+02 6.099549e-10
1.360000e+02 5.984942e-10
1.370000e+02 5.873325e-10
1.380000e+02 5.764602e-10
1.390000e+02 5.658679e-10
1.400000e+02 5.555465e-10
1.410000e+02 5.454873e-10
1.420000e+02 5.356821e-10
1.430000e+02 5.261228e-10
1.440000e+02 5.168017e-10
1.450000e+02 5.077115e-10
1.460000e+02 4.988450e-10
1.470000e+02 4.901954e-10
1.480000e+02 4.817560e-10
1.490000e+02 4.735206e-10
1.500000e+02 4.654830e-10
1.510000e+02 4.576374e-10
1.520000e+02 4.499781e-10
1.530000e+02 4.424995e-10
1.540000e+02 4.351965e-10
1.550000e+02 4.280640e-10
1.560000e+02 4.210971e-10
1.570000e+02 4.142910e-10
1.580000e+02 4.076412e-10
1.590000e+02 4.011433e-10
1.600000e+02 3.947930e-10
1.610000e+02 3.885863e-10
1.620000e+02 3.825191e-10
1.630000e+02 3.765877e-10
1.640000e+02 3.707883e-10
1.650000e+02 3.651173e-10
1.660000e+02 3.595714e-10
1.670000e+02 3.541470e-10
1.680000e+02 3.488411e-10
1.690000e+02 3.436505e-10
1.700000e+02 3.385720e-10
1.710000e+02 3.336029e-10
1.720000e+02 3.287402e-10
1.730000e+02 3.239812e-10
1.740000e+02 3.193232e-10
1.750000e+02 3.147637e-10
1.760000e+02 3.103000e-10
1.770000e+02 3.059298e-10
1.780000e+02 3.016508e-10
1.790000e+02 2.974606e-10
1.800000e+02 2.933569e-10
1.810000e+02 2.893377e-10
1.820000e+02 2.854009e-10
1.830000e+02 2.815443e-10
1.840000e+02 2.777661e-10
1.850000e+02 2.740643e-10
1.860000e+02 2.704371e-10
1.870000e+02 2.668825e-10
1.880000e+02 2.633989e-10
1.890000e+02 2.599846e-10
1.900000e+02 2.566378e-10
1.910000e+02 2.533570e-10
1.920000e+02 2.501405e-10
1.930000e+02 2.469868e-10
1.940000e+02 2.438945e-10
1.950000e+02 2.408620e-10
1.960000e+02 2.378880e-10
1.970000e+02 2.349710e-10
1.980000e+02 2.321097e-10
1.990000e+02 2.293028e-10
2.000000e+02 2.265490e-10
2.010000e+02 2.238470e-10
2.020000e+02 2.211957e-10
2.030000e+02 2.185938e-10
2.040000e+02 2.160402e-10
2.050000e+02 2.135337e-10
2.060000e+02 2.110733e-10
2.070000e+02 2.086578e-10
2.080000e+02 2.062863e-10
2.090000e+02 2.039576e-10
2.100000e+02 2.016708e-10
2.110000e+02 1.994249e-10
2.120000e+02 1.972190e-10
2.130000e+02 1.950520e-10
2.140000e+02 1.929232e-10
2.150000e+02 1.908316e-10
2.160000e+02 1.887763e-10
2.170000e+02 1.867564e-10
2.180000e+02 1.847713e-10
2.190000e+02 1.828200e-10
2.200000e+02 1.809017e-10
2.210000e+02 1.790157e-10
2.220000e+02 1.771613e-10
2.230000e+02 1.753376e-10
2.240000e+02 1.735440e-10
2.250000e+02 1.717797e-10
2.260000e+02 1.700441e-10
2.270000e+02 1.683365e-10
2.280000e+02 1.666563e-10
2.290000e+02 1.650027e-10
2.300000e+02 1.633752e-10
2.310000e+02 1.617731e-10
2.320000e+02 1.601959e-10
2.330000e+02 1.586429e-10
2.340000e+02 1.571136e-10
2.350000e+02 1.556075e-10
2.360000e+02 1.541240e-10
2.370000e+02 1.526625e-10
2.380000e+02 1.512225e-10
2.390000e+02 1.498036e-10
2.400000e+02 1.484052e-10
2.410000e+02 1.470268e-10
2.420000e+02 1.456680e-10
2.430000e+02 1.443284e-10
2.440000e+02 1.430074e-10
2.450000e+02 1.417046e-10
2.460000e+02 1.404196e-10
2.470000e+02 1.391520e-10
2.480000e+02 1.379014e-10
2.490000e+02 1.366673e-10
2.500000e+02 1.354495e-10
2.510000e+02 1.342474e-10
2.520000e+02 1.330609e-10
2.530000e+02 1.318894e-10
2.540000e+02 1.307326e-10
2.550000e+02 1.295902e-10
2.560000e+02 1.284619e-10
2.570000e+02 1.273474e-10
2.580000e+02 1.262463e-10
2.590000e+02 1.251584e-10
2.600000e+02 1.240832e-10
2.610000e+02 1.230207e-10
2.620000e+02 1.219704e-10
2.630000e+02 1.209321e-10
2.640000e+02 1.199055e-10
2.650000e+02 1.188904e-10
2.660000e+02 1.178865e-10
2.670000e+02 1.168937e-10
2.680000e+02 1.159115e-10
2.690000e+02 1.149399e-10
2.700000e+02 1.139786e-10
2.710000e+02 1.130274e-10
2.720000e+02 1.120861e-10
2.730000e+02 1.111544e-10
2.740000e+02 1.102322e-10
2.750000e+02 1.093193e-10
2.760000e+02 1.084155e-10
2.770000e+02 1.075206e-10
2.780000e+02 1.066345e-10
2.790000e+02 1.057570e-10
2.800000e+02 1.048879e-10
2.810000e+02 1.040270e-10
2.820000e+02 1.031743e-10
2.830000e+02 1.023296e-10
2.840000e+02 1.014927e-10
2.850000e+02 1.006634e-10
2.860000e+02 9.984177e-11
2.870000e+02 9.902754e-11
2.880000e+02 9.822062e-11
2.890000e+02 9.742089e-11
2.900000e+02 9.662823e-11
2.910000e+02 9.584254e-11
2.920000e+02 9.506370e-11
2.930000e+02 9.429162e-11
2.940000e+02 9.352619e-11
2.950000e+02 9.276732e-11
2.960000e+02 9.201492e-11
2.970000e+02 9.126889e-11
2.980000e+02 9.052915e-11
2.990000e+02 8.979562e-11
3.000000e+02 8.906822e-11
3.010000e+02 8.834687e-11
3.020000e+02 8.763149e-11
3.030000e+02 8.692202e-11
3.040000e+02 8.621838e-11
3.050000e+02 8.552051e-11
3.060000e+02 8.482834e-11
3.070000e+02 8.414182e-11
3.080000e+02 8.346088e-11
3.090000e+02 8.278547e-11
3.100000e+02 8.211553e-11
3.110000e+02 8.145100e-11
3.120000e+02 8.079184e-11
3.130000e+02 8.013800e-11
3.140000e+02 7.948943e-11
3.150000e+02 7.884609e-11
3.160000e+02 7.820792e-11
3.170000e+02 7.757489e-11
3.180000e+02 7.694695e-11
3.190000e+02 7.632407e-11
3.200000e+02 7.570620e-11
3.210000e+02 7.509331e-11
3.220000e+02 7.448537e-11
3.230000e+02 7.388233e-11
3.240000e+02 7.328416e-11
3.250000e+02 7.269084e-11
3.260000e+02 7.210232e-11
3.270000e+02 7.151858e-11
3.280000e+02 7.093958e-11
3.290000e+02 7.036530e-11
3.300000e+02 6.979571e-11
3.310000e+02 6.923078e-11
3.320000e+02 6.867048e-11
3.330000e+02 6.811479e-11
3.340000e+02 6.756367e-11
3.350000e+02 6.701711e-11
3.360000e+02 6.647507e-11
3.370000e+02 6.593754e-11
3.380000e+02 6.540449e-11
3.390000e+02 6.487589e-11
3.400000e+02 6.435172e-11
3.410000e+02 6.383196e-11
3.420000e+02 6.331658e-11
3.430000e+02 6.280556e-11
3.440000e+02 6.229888e-11
3.450000e+02 6.179652e-11
3.460000e+02 6.129845e-11
3.470000e+02 6.080465e-11
3.480000e+02 6.031510e-11
3.490000e+02 5.982977e-11
3.500000e+02 5.934865e-11
3.510000e+02 5.887172e-11
3.520000e+02 5.839894e-11
3.530000e+02 5.793031e-11
3.540000e+02 5.746579e-11
3.550000e+02 5.700536e-11
3.560000e+02 5.654901e-11
3.570000e+02 5.609672e-11
3.580000e+02 5.564845e-11
3.590000e+02 5.520419e-11
3.600000e+02 5.476391e-11
3.610000e+02 5.432760e-11
3.620000e+02 5.389523e-11
3.630000e+02 5.346677e-11
3.640000e+02 5.304222e-11
3.650000e+02 5.262153e-11
3.660000e+02 5.220470e-11
3.670000e+02 5.179170e-11
3.680000e+02 5.138250e-11
3.690000e+02 5.097708e-11
3.700000e+02 5.057542e-11
3.710000e+02 5.017750e-11
3.720000e+02 4.978329e-11
3.730000e+02 4.939276e-11
3.740000e+02 4.900590e-11
3.750000e+02 4.862268e-11
3.760000e+02 4.824308e-11
3.770000e+02 4.786707e-11
3.780000e+02 4.749463e-11
3.790000e+02 4.712574e-11
3.800000e+02 4.676036e-11
3.810000e+02 4.639847e-11
3.820000e+02 4.604006e-11
3.830000e+02 4.568509e-11
3.840000e+02 4.533354e-11
3.850000e+02 4.498539e-11
3.860000e+02 4.464061e-11
3.870000e+02 4.429917e-11
3.880000e+02 4.396104e-11
3.890000e+02 4.362622e-11
3.900000e+02 4.329465e-11
3.910000e+02 4.296634e-11
3.920000e+02 4.264123e-11
3.930000e+02 4.231932e-11
3.940000e+02 4.200057e-11
3.950000e+02 4.168496e-11
3.960000e+02 4.137247e-11
3.970000e+02 4.106306e-11
3.980000e+02 4.075671e-11
3.990000e+02 4.045339e-11
4.000000e+02 4.015308e-11
4.010000e+02 3.985575e-11
4.020000e+02 3.956138e-11
4.030000e+02 3.926994e-11
4.040000e+02 3.898140e-11
4.050000e+02 3.869574e-11
4.060000e+02 3.841293e-11
4.070000e+02 3.813294e-11
4.080000e+02 3.785576e-11
4.090000e+02 3.758134e-11
4.100000e+02 3.730967e-11
4.110000e+02 3.704072e-11
4.120000e+02 3.677446e-11
4.130000e+02 3.651087e-11
4.140000e+02 3.624992e-11
4.150000e+02 3.599159e-11
4.160000e+02 3.573585e-11
4.170000e+02 3.548268e-11
4.180000e+02 3.523204e-11
4.190000e+02 3.498391e-11
4.200000e+02 3.473828e-11
4.210000e+02 3.449510e-11
4.220000e+02 3.425436e-11
4.230000e+02 3.401604e-11
4.240000e+02 3.378010e-11
4.250000e+02 3.354652e-11
4.260000e+02 3.331528e-11
4.270000e+02 3.308635e-11
4.280000e+02 3.285970e-11
4.290000e+02 3.263532e-11
4.300000e+02 3.241318e-11
4.310000e+02 3.219326e-11
4.320000e+02 3.197552e-11
4.330000e+02 3.175995e-11
4.340000e+02 3.154652e-11
4.350000e+02 3.133521e-11
4.360000e+02 3.112600e-11
4.370000e+02 3.091886e-11
4.380000e+02 3.071377e-11
4.390000e+02 3.051070e-11
4.400000e+02 3.030964e-11
4.410000e+02 3.011055e-11
4.420000e+02 2.991343e-11
4.430000e+02 2.971824e-11
4.440000e+02 2.952496e-11
4.450000e+02 2.933358e-11
4.460000e+02 2.914406e-11
4.470000e+02 2.895639e-11
4.480000e+02 2.877055e-11
4.490000e+02 2.858652e-11
4.500000e+02 2.840427e-11
4.510000e+02 2.822378e-11
4.520000e+02 2.804504e-11
4.530000e+02 2.786801e-11
4.540000e+02 2.769269e-11
4.550000e+02 2.751906e-11
4.560000e+02 2.734708e-11
4.570000e+02 2.717675e-11
4.580000e+02 2.700803e-11
4.590000e+02 2.684093e-11
4.600000e+02 2.667540e-11
4.610000e+02 2.651145e-11
4.620000e+02 2.634904e-11
4.630000e+02 2.618816e-11
4.640000e+02 2.602878e-11
4.650000e+02 2.587090e-11
4.660000e+02 2.571450e-11
4.670000e+02 2.555955e-11
4.680000e+02 2.540603e-11
4.690000e+02 2.525394e-11
4.700000e+02 2.510326e-11
4.710000e+02 2.495396e-11
4.720000e+02 2.480603e-11
4.730000e+02 2.465945e-11
4.740000e+02 2.451422e-11
4.750000e+02 2.437030e-11
4.760000e+02 2.422769e-11
4.770000e+02 2.408637e-11
4.780000e+02 2.394632e-11
4.790000e+02 2.380753e-11
4.800000e+02 2.366998e-11
4.810000e+02 2.353366e-11
4.820000e+02 2.339856e-11
4.830000e+02 2.326465e-11
4.840000e+02 2.313193e-11
4.850000e+02 2.300038e-11
4.860000e+02 2.286998e-11
4.870000e+02 2.274073e-11
4.880000e+02 2.261260e-11
4.890000e+02 2.248559e-11
4.900000e+02 2.235968e-11
4.910000e+02 2.223486e-11
4.920000e+02 2.211111e-11
4.930000e+02 2.198842e-11
4.940000e+02 2.186678e-11
4.950000e+02 2.174618e-11
4.960000e+02 2.162661e-11
4.970000e+02 2.150804e-11
4.980000e+02 2.139048e-11
4.990000e+02 2.127390e-11
5.000000e+02 2.115830e-11
5.010000e+02 2.104366e-11
5.020000e+02 2.092998e-11
5.030000e+02 2.081724e-11
5.040000e+02 2.070543e-11
5.050000e+02 2.059454e-11
5.060000e+02 2.048456e-11
5.070000e+02 2.037548e-11
5.080000e+02 2.026729e-11
5.090000e+02 2.015997e-11
5.100000e+02 2.005352e-11
5.110000e+02 1.994793e-11
5.120000e+02 1.984319e-11
5.130000e+02 1.973928e-11
5.140000e+02 1.963620e-11
5.150000e+02 1.953395e-11
5.160000e+02 1.943250e-11
5.170000e+02 1.933185e-11
5.180000e+02 1.923199e-11
5.190000e+02 1.913291e-11
5.200000e+02 1.903460e-11
5.210000e+02 1.893706e-11
5.220000e+02 1.884028e-11
5.230000e+02 1.874424e-11
5.240000e+02 1.864894e-11
5.250000e+02 1.855437e-11
5.260000e+02 1.846053e-11
5.270000e+02 1.836740e-11
5.280000e+02 1.827497e-11
5.290000e+02 1.818324e-11
5.300000e+02 1.809221e-11
5.310000e+02 1.800186e-11
5.320000e+02 1.791218e-11
5.330000e+02 1.782317e-11
5.340000e+02 1.773482e-11
5.350000e+02 1.764713e-11
5.360000e+02 1.756009e-11
5.370000e+02 1.747368e-11
5.380000e+02 1.738791e-11
5.390000e+02 1.730276e-11
5.400000e+02 1.721824e-11
5.410000e+02 1.713432e-11
5.420000e+02 1.705102e-11
5.430000e+02 1.696831e-11
5.440000e+02 1.688620e-11
5.450000e+02 1.680468e-11
5.460000e+02 1.672374e-11
5.470000e+02 1.664337e-11
5.480000e+02 1.656358e-11
5.490000e+02 1.648434e-11
5.500000e+02 1.640567e-11
5.510000e+02 1.632755e-11
5.520000e+02 1.624997e-11
5.530000e+02 1.617294e-11
5.540000e+02 1.609645e-11
5.550000e+02 1.602048e-11
5.560000e+02 1.594504e-11
5.570000e+02 1.587012e-11
5.580000e+02 1.579571e-11
5.590000e+02 1.572181e-11
5.600000e+02 1.564842e-11
5.610000e+02 1.557553e-11
5.620000e+02 1.550313e-11
5.630000e+02 1.543122e-11
5.640000e+02 1.535980e-11
5.650000e+02 1.528886e-11
5.660000e+02 1.521840e-11
5.670000e+02 1.514840e-11
5.680000e+02 1.507887e-11
5.690000e+02 1.500981e-11
5.700000e+02 1.494120e-11
5.710000e+02 1.487305e-11
5.720000e+02 1.480534e-11
5.730000e+02 1.473809e-11
5.740000e+02 1.467127e-11
5.750000e+02 1.460489e-11
5.760000e+02 1.453894e-11
5.770000e+02 1.447342e-11
5.780000e+02 1.440833e-11
5.790000e+02 1.434365e-11
5.800000e+02 1.427940e-11
5.810000e+02 1.421556e-11
5.820000e+02 1.415212e-11
5.830000e+02 1.408910e-11
5.840000e+02 1.402647e-11
5.850000e+02 1.396425e-11
5.860000e+02 1.390242e-11
5.870000e+02 1.384098e-11
5.880000e+02 1.377993e-11
5.890000e+02 1.371926e-11
5.900000e+02 1.365898e-11
5.910000e+02 1.359907e-11
5.920000e+02 1.353954e-11
5.930000e+02 1.348038e-11
5.940000e+02 1.342158e-11
5.950000e+02 1.336316e-11
5.960000e+02 1.330509e-11
5.970000e+02 1.324739e-11
5.980000e+02 1.319004e-11
5.990000e+02 1.313304e-11
6.000000e+02 1.307639e-11
6.010000e+02 1.302009e-11
6.020000e+02 1.296413e-11
6.030000e+02 1.290851e-11
6.040000e+02 1.285324e-11
6.050000e+02 1.279829e-11
6.060000e+02 1.274368e-11
6.070000e+02 1.268940e-11
6.080000e+02 1.263545e-11
6.090000e+02 1.258182e-11
6.100000e+02 1.252851e-11
6.110000e+02 1.247552e-11
6.120000e+02 1.242285e-11
6.130000e+02 1.237049e-11
6.140000e+02 1.231844e-11
6.150000e+02 1.226670e-11
6.160000e+02 1.221527e-11
6.170000e+02 1.216414e-11
6.180000e+02 1.211332e-11
6.190000e+02 1.206279e-11
6.200000e+02 1.201256e-11
6.210000e+02 1.196262e-11
6.220000e+02 1.191298e-11
6.230000e+02 1.186362e-11
6.240000e+02 1.181455e-11
6.250000e+02 1.176577e-11
6.260000e+02 1.171727e-11
6.270000e+02 1.166905e-11
6.280000e+02 1.162111e-11
6.290000e+02 1.157345e-11
6.300000e+02 1.152606e-11
6.310000e+02 1.147894e-11
6.320000e+02 1.143209e-11
6.330000e+02 1.138551e-11
6.340000e+02 1.133920e-11
6.350000e+02 1.129315e-11
6.360000e+02 1.124736e-11
6.370000e+02 1.120184e-11
6.380000e+02 1.115657e-11
6.390000e+02 1.111155e-11
6.400000e+02 1.106679e-11
6.410000e+02 1.102229e-11
6.420000e+02 1.097803e-11
6.430000e+02 1.093402e-11
6.440000e+02 1.089026e-11
6.450000e+02 1.084674e-11
6.460000e+02 1.080347e-11
6.470000e+02 1.076043e-11
6.480000e+02 1.071764e-11
6.490000e+02 1.067509e-11
6.500000e+02 1.063277e-11
6.510000e+02 1.059068e-11
6.520000e+02 1.054883e-11
6.530000e+02 1.050721e-11
6.540000e+02 1.046581e-11
6.550000e+02 1.042465e-11
6.560000e+02 1.038371e-11
6.570000e+02 1.034299e-11
6.580000e+02 1.030250e-11
6.590000e+02 1.026223e-11
6.600000e+02 1.022217e-11
6.610000e+02 1.018234e-11
6.620000e+02 1.014272e-11
6.630000e+02 1.010332e-11
6.640000e+02 1.006413e-11
6.650000e+02 1.002515e-11
6.660000e+02 9.986381e-12
6.670000e+02 9.947821e-12
6.680000e+02 9.909469e-12
6.690000e+02 9.871323e-12
6.700000e+02 9.833381e-12
6.710000e+02 9.795642e-12
6.720000e+02 9.758105e-12
6.730000e+02 9.720768e-12
6.740000e+02 9.683629e-12
6.750000e+02 9.646688e-12
6.760000e+02 9.609944e-12
6.770000e+02 9.573393e-12
6.780000e+02 9.537037e-12
6.790000e+02 9.500872e-12
6.800000e+02 9.464898e-12
6.810000e+02 9.429113e-12
6.820000e+02 9.393517e-12
6.830000e+02 9.358107e-12
6.840000e+02 9.322883e-12
6.850000e+02 9.287843e-12
6.860000e+02 9.252986e-12
6.870000e+02 9.218311e-12
6.880000e+02 9.183817e-12
6.890000e+02 9.149502e-12
6.900000e+02 9.115365e-12
6.910000e+02 9.081405e-12
6.920000e+02 9.047621e-12
6.930000e+02 9.014011e-12
6.940000e+02 8.980575e-12
6.950000e+02 8.947312e-12
6.960000e+02 8.914219e-12
6.970000e+02 8.881296e-12
6.980000e+02 8.848543e-12
6.990000e+02 8.815957e-12
7.000000e+02 8.783537e-12
7.010000e+02 8.751284e-12
7.020000e+02 8.719194e-12
7.030000e+02 8.687268e-12
7.040000e+02 8.655505e-12
7.050000e+02 8.623902e-12
7.060000e+02 8.592460e-12
7.070000e+02 8.561177e-12
7.080000e+02 8.530052e-12
7.090000e+02 8.499084e-12
7.100000e+02 8.468273e-12
7.110000e+02 8.437616e-12
7.120000e+02 8.407113e-12
7.130000e+02 8.376764e-12
7.140000e+02 8.346566e-12
7.150000e+02 8.316520e-12
7.160000e+02 8.286623e-12
7.170000e+02 8.256876e-12
7.180000e+02 8.227277e-12
7.190000e+02 8.197825e-12
7.200000e+02 8.168520e-12
7.210000e+02 8.139359e-12
7.220000e+02 8.110344e-12
7.230000e+02 8.081472e-12
7.240000e+02 8.052742e-12
7.250000e+02 8.024154e-12
7.260000e+02 7.995707e-12
7.270000e+02 7.967400e-12
7.280000e+02 7.939232e-12
7.290000e+02 7.911202e-12
7.300000e+02 7.883309e-12
7.310000e+02 7.855553e-12
7.320000e+02 7.827932e-12
7.330000e+02 7.800446e-12
7.340000e+02 7.773094e-12
7.350000e+02 7.745875e-12
7.360000e+02 7.718788e-12
7.370000e+02 7.691833e-12
7.380000e+02 7.665008e-12
7.390000e+02 7.638313e-12
7.400000e+02 7.611747e-12
7.410000e+02 7.585309e-12
7.420000e+02 7.558998e-12
7.430000e+02 7.532814e-12
7.440000e+02 7.506756e-12
7.450000e+02 7.480823e-12
7.460000e+02 7.455014e-12
7.470000e+02 7.429328e-12
7.480000e+02 7.403766e-12
7.490000e+02 7.378325e-12
7.500000e+02 7.353005e-12
7.510000e+02 7.327806e-12
7.520000e+02 7.302727e-12
7.530000e+02 7.277767e-12
7.540000e+02 7.252925e-12
7.550000e+02 7.228201e-12
7.560000e+02 7.203593e-12
7.570000e+02 7.179102e-12
7.580000e+02 7.154726e-12
7.590000e+02 7.130465e-12
7.600000e+02 7.106318e-12
7.610000e+02 7.082285e-12
7.620000e+02 7.058364e-12
7.630000e+02 7.034555e-12
7.640000e+02 7.010858e-12
7.650000e+02 6.987271e-12
7.660000e+02 6.963794e-12
7.670000e+02 6.940427e-12
7.680000e+02 6.917168e-12
7.690000e+02 6.894018e-12
7.700000e+02 6.870975e-12
7.710000e+02 6.848038e-12
7.720000e+02 6.825208e-12
7.730000e+02 6.802484e-12
7.740000e+02 6.779864e-12
7.750000e+02 6.757349e-12
7.760000e+02 6.734937e-12
7.770000e+02 6.712629e-12
7.780000e+02 6.690422e-12
7.790000e+02 6.668318e-12
7.800000e+02 6.646315e-12
7.810000e+02 6.624413e-12
7.820000e+02 6.602610e-12
7.830000e+02 6.580908e-12
7.840000e+02 6.559304e-12
7.850000e+02 6.537798e-12
7.860000e+02 6.516391e-12
7.870000e+02 6.495080e-12
7.880000e+02 6.473866e-12
7.890000e+02 6.452748e-12
7.900000e+02 6.431726e-12
7.910000e+02 6.410798e-12
7.920000e+02 6.389965e-12
7.930000e+02 6.369226e-12
7.940000e+02 6.348581e-12
7.950000e+02 6.328028e-12
7.960000e+02 6.307567e-12
7.970000e+02 6.287198e-12
7.980000e+02 6.266920e-12
7.990000e+02 6.246733e-12
8.000000e+02 6.226636e-12
8.010000e+02 6.206629e-12
8.020000e+02 6.186711e-12
8.030000e+02 6.166881e-12
8.040000e+02 6.147140e-12
8.050000e+02 6.127486e-12
8.060000e+02 6.107919e-12
8.070000e+02 6.088439e-12
8.080000e+02 6.069045e-12
8.090000e+02 6.049737e-12
8.100000e+02 6.030514e-12
8.110000e+02 6.011376e-12
8.120000e+02 5.992321e-12
8.130000e+02 5.973351e-12
8.140000e+02 5.954464e-12
8.150000e+02 5.935659e-12
8.160000e+02 5.916937e-12
8.170000e+02 5.898297e-12
8.180000e+02 5.879739e-12
8.190000e+02 5.861261e-12
8.200000e+02 5.842864e-12
8.210000e+02 5.824546e-12
8.220000e+02 5.806309e-12
8.230000e+02 5.788150e-12
8.240000e+02 5.770071e-12
8.250000e+02 5.752069e-12
8.260000e+02 5.734146e-12
8.270000e+02 5.716300e-12
8.280000e+02 5.698531e-12
8.290000e+02 5.680838e-12
8.300000e+02 5.663222e-12
8.310000e+02 5.645682e-12
8.320000e+02 5.628216e-12
8.330000e+02 5.610826e-12
8.340000e+02 5.593510e-12
8.350000e+02 5.576269e-12
8.360000e+02 5.559101e-12
8.370000e+02 5.542006e-12
8.380000e+02 5.524984e-12
8.390000e+02 5.508035e-12
8.400000e+02 5.491157e-12
8.410000e+02 5.474352e-12
8.420000e+02 5.457618e-12
8.430000e+02 5.440954e-12
8.440000e+02 5.424362e-12
8.450000e+02 5.407839e-12
8.460000e+02 5.391386e-12
8.470000e+02 5.375003e-12
8.480000e+02 5.358688e-12
8.490000e+02 5.342443e-12
8.500000e+02 5.326265e-12
8.510000e+02 5.310156e-12
8.520000e+02 5.294114e-12
8.530000e+02 5.278139e-12
8.540000e+02 5.262231e-12
8.550000e+02 5.246389e-12
8.560000e+02 5.230614e-12
8.570000e+02 5.214905e-12
8.580000e+02 5.199260e-12
8.590000e+02 5.183681e-12
8.600000e+02 5.168167e-12
8.610000e+02 5.152717e-12
8.620000e+02 5.137331e-12
8.630000e+02 5.122009e-12
8.640000e+02 5.106750e-12
8.650000e+02 5.091554e-12
8.660000e+02 5.076421e-12
8.670000e+02 5.061350e-12
8.680000e+02 5.046342e-12
8.690000e+02 5.031395e-12
8.700000e+02 5.016509e-12
8.710000e+02 5.001685e-12
8.720000e+02 4.986921e-12
8.730000e+02 4.972217e-12
8.740000e+02 4.957574e-12
8.750000e+02 4.942991e-12
8.760000e+02 4.928467e-12
8.770000e+02 4.914002e-12
8.780000e+02 4.899596e-12
8.790000e+02 4.885248e-12
8.800000e+02 4.870959e-12
8.810000e+02 4.856728e-12
8.820000e+02 4.842554e-12
8.830000e+02 4.828438e-12
8.840000e+02 4.814379e-12
8.850000e+02 4.800377e-12
8.860000e+02 4.786431e-12
8.870000e+02 4.772541e-12
8.880000e+02 4.758707e-12
8.890000e+02 4.744929e-12
8.900000e+02 4.731206e-12
8.910000e+02 4.717538e-12
8.920000e+02 4.703925e-12
8.930000e+02 4.690367e-12
8.940000e+02 4.676862e-12
8.950000e+02 4.663412e-12
8.960000e+02 4.650015e-12
8.970000e+02 4.636671e-12
8.980000e+02 4.623381e-12
8.990000e+02 4.610143e-12
9.000000e+02 4.596958e-12
9.010000e+02 4.583825e-12
9.020000e+02 4.570744e-12
9.030000e+02 4.557715e-12
9.040000e+02 4.544738e-12
9.050000e+02 4.531812e-12
9.060000e+02 4.518936e-12
9.070000e+02 4.506112e-12
9.080000e+02 4.493338e-12
9.090000e+02 4.480614e-12
9.100000e+02 4.467940e-12
9.110000e+02 4.455316e-12
9.120000e+02 4.442741e-12
9.130000e+02 4.430215e-12
9.140000e+02 4.417739e-12
9.150000e+02 4.405311e-12
9.160000e+02 4.392932e-12
9.170000e+02 4.380600e-12
9.180000e+02 4.368317e-12
9.190000e+02 4.356082e-12
9.200000e+02 4.343894e-12
9.210000e+02 4.331753e-12
9.220000e+02 4.319660e-12
9.230000e+02 4.307613e-12
9.240000e+02 4.295613e-12
9.250000e+02 4.283659e-12
9.260000e+02 4.271752e-12
9.270000e+02 4.259890e-12
9.280000e+02 4.248074e-12
9.290000e+02 4.236303e-12
9.300000e+02 4.224578e-12
9.310000e+02 4.212898e-12
9.320000e+02 4.201262e-12
9.330000e+02 4.189671e-12
9.340000e+02 4.178124e-12
9.350000e+02 4.166622e-12
9.360000e+02 4.155163e-12
9.370000e+02 4.143748e-12
9.380000e+02 4.132377e-12
9.390000e+02 4.121048e-12
9.400000e+02 4.109763e-12
9.410000e+02 4.098521e-12
9.420000e+02 4.087321e-12
9.430000e+02 4.076164e-12
9.440000e+02 4.065049e-12
9.450000e+02 4.053976e-12
9.460000e+02 4.042945e-12
9.470000e+02 4.031956e-12
9.480000e+02 4.021008e-12
9.490000e+02 4.010101e-12
9.500000e+02 3.999235e-12
9.510000e+02 3.988410e-12
9.520000e+02 3.977626e-12
9.530000e+02 3.966882e-12
9.540000e+02 3.956178e-12
9.550000e+02 3.945514e-12
9.560000e+02 3.934891e-12
9.570000e+02 3.924306e-12
9.580000e+02 3.913762e-12
9.590000e+02 3.903256e-12
9.600000e+02 3.892790e-12
9.610000e+02 3.882363e-12
9.620000e+02 3.871974e-12
9.630000e+02 3.861624e-12
9.640000e+02 3.851313e-12
9.650000e+02 3.841039e-12
9.660000e+02 3.830804e-12
9.670000e+02 3.820606e-12
9.680000e+02 3.810446e-12
9.690000e+02 3.800323e-12
9.700000e+02 3.790238e-12
9.710000e+02 3.780190e-12
9.720000e+02 3.770179e-12
9.730000e+02 3.760204e-12
9.740000e+02 3.750267e-12
9.750000e+02 3.740365e-12
9.760000e+02 3.730500e-12
9.770000e+02 3.720671e-12
9.780000e+02 3.710878e-12
9.790000e+02 3.701120e-12
9.800000e+02 3.691398e-12
9.810000e+02 3.681712e-12
9.820000e+02 3.672061e-12
9.830000e+02 3.662445e-12
9.840000e+02 3.652864e-12
9.850000e+02 3.643317e-12
9.860000e+02 3.633805e-12
9.870000e+02 3.624328e-12
9.880000e+02 3.614885e-12
9.890000e+02 3.605476e-12
9.900000e+02 3.596101e-12
9.910000e+02 3.586760e-12
9.920000e+02 3.577452e-12
9.930000e+02 3.568178e-12
9.940000e+02 3.558937e-12
9.950000e+02 3.549730e-12
9.960000e+02 3.540555e-12
9.970000e+02 3.531413e-12
9.980000e+02 3.522305e-12
9.990000e+02 3.513228e-12
1.000000e+03 3.504184e-12
1.001000e+03 3.495173e-12
1.002000e+03 3.486193e-12
1.003000e+03 3.477246e-12
1.004000e+03 3.468330e-12
1.005000e+03 3.459446e-12
1.006000e+03 3.450594e-12
1.007000e+03 3.441773e-12
1.008000e+03 3.432983e-12
1.009000e+03 3.424225e-12
1.010000e+03 3.415497e-12
1.011000e+03 3.406800e-12
1.012000e+03 3.398134e-12
1.013000e+03 3.389499e-12
1.014000e+03 3.380894e-12
1.015000e+03 3.372319e-12
1.016000e+03 3.363775e-12
1.017000e+03 3.355260e-12
1.018000e+03 3.346776e-12
1.019000e+03 3.338321e-12
1.020000e+03 3.329895e-12
1.021000e+03 3.321500e-12
1.022000e+03 3.313133e-12
1.023000e+03 3.304796e-12
1.024000e+03 3.296488e-12
1.025000e+03 3.288209e-12
1.026000e+03 3.279958e-12
1.027000e+03 3.271737e-12
1.028000e+03 3.263544e-12
1.029000e+03 3.255379e-12
1.030000e+03 3.247243e-12
1.031000e+03 3.239135e-12
1.032000e+03 3.231055e-12
1.033000e+03 3.223003e-12
1.034000e+03 3.214979e-12
1.035000e+03 3.206982e-12
1.036000e+03 3.199014e-12
1.037000e+03 3.191072e-12
1.038000e+03 3.183158e-12
1.039000e+03 3.175271e-12
1.040000e+03 3.167411e-12
1.041000e+03 3.159579e-12
1.042000e+03 3.151773e-12
1.043000e+03 3.143994e-12
1.044000e+03 3.136241e-12
1.045000e+03 3.128515e-12
1.046000e+03 3.120815e-12
1.047000e+03 3.113142e-12
1.048000e+03 3.105495e-12
1.049000e+03 3.097874e-12
1.050000e+03 3.090278e-12
1.051000e+03 3.082709e-12
1.052000e+03 3.075165e-12
1.053000e+03 3.067647e-12
1.054000e+03 3.060155e-12
1.055000e+03 3.052688e-12
1.056000e+03 3.045246e-12
1.057000e+03 3.037829e-12
1.058000e+03 3.030437e-12
1.059000e+03 3.023070e-12
1.060000e+03 3.015728e-12
1.061000e+03 3.008411e-12
1.062000e+03 3.001119e-12
1.063000e+03 2.993851e-12
1.064000e+03 2.986607e-12
1.065000e+03 2.979388e-12
1.066000e+03 2.972192e-12
1.067000e+03 2.965021e-12
1.068000e+03 2.957874e-12
1.069000e+03 2.950751e-12
1.070000e+03 2.943652e-12
1.071000e+03 2.936576e-12
1.072000e+03 2.929524e-12
1.073000e+03 2.922495e-12
1.074000e+03 2.915490e-12
1.075000e+03 2.908508e-12
1.076000e+03 2.901550e-12
1.077000e+03 2.894614e-12
1.078000e+03 2.887701e-12
1.079000e+03 2.880811e-12
1.080000e+03 2.873944e-12
1.081000e+03 2.867100e-12
1.082000e+03 2.860279e-12
1.083000e+03 2.853479e-12
1.084000e+03 2.846703e-12
1.085000e+03 2.839948e-12
1.086000e+03 2.833216e-12
1.087000e+03 2.826506e-12
1.088000e+03 2.819818e-12
1.089000e+03 2.813152e-12
1.090000e+03 2.806508e-12
1.091000e+03 2.799885e-12
1.092000e+03 2.793284e-12
1.093000e+03 2.786705e-12
1.094000e+03 2.780148e-12
1.095000e+03 2.773611e-12
1.096000e+03 2.767096e-12
1.097000e+03 2.760602e-12
1.098000e+03 2.754130e-12
1.099000e+03 2.747678e-12
1.100000e+03 2.741248e-12
1.101000e+03 2.734838e-12
1.102000e+03 2.728449e-12
1.103000e+03 2.722081e-12
1.104000e+03 2.715733e-12
1.105000e+03 2.709406e-12
1.106000e+03 2.703099e-12
1.107000e+03 2.696813e-12
1.108000e+03 2.690547e-12
1.109000e+03 2.684301e-12
1.110000e+03 2.678075e-12
1.111000e+03 2.671870e-12
1.112000e+03 2.665684e-12
1.113000e+03 2.659518e-12
1.114000e+03 2.653372e-12
1.115000e+03 2.647245e-12
1.116000e+03 2.641139e-12
1.117000e+03 2.635051e-12
1.118000e+03 2.628983e-12
1.119000e+03 2.622935e-12
1.120000e+03 2.616906e-12
1.121000e+03 2.610896e-12
1.122000e+03 2.604905e-12
1.123000e+03 2.598933e-12
1.124000e+03 2.592981e-12
1.125000e+03 2.587047e-12
1.126000e+03 2.581132e-12
1.127000e+03 2.575236e-12
1.128000e+03 2.569358e-12
1.129000e+03 2.563499e-12
1.130000e+03 2.557659e-12
1.131000e+03 2.551837e-12
1.132000e+03 2.546033e-12
1.133000e+03 2.540248e-12
1.134000e+03 2.534481e-12
1.135000e+03 2.528732e-12
1.136000e+03 2.523001e-12
1.137000e+03 2.517289e-12
1.138000e+03 2.511594e-12
1.139000e+03 2.505917e-12
1.140000e+03 2.500258e-12
1.141000e+03 2.494616e-12
1.142000e+03 2.488992e-12
1.143000e+03 2.483386e-12
1.144000e+03 2.477798e-12
1.145000e+03 2.472226e-12
1.146000e+03 2.466672e-12
1.147000e+03 2.461136e-12
1.148000e+03 2.455617e-12
1.149000e+03 2.450114e-12
1.150000e+03 2.444629e-12
1.151000e+03 2.439161e-12
1.152000e+03 2.433710e-12
1.153000e+03 2.428276e-12
1.154000e+03 2.422859e-12
1.155000e+03 2.417458e-12
1.156000e+03 2.412074e-12
1.157000e+03 2.406707e-12
1.158000e+03 2.401356e-12
1.159000e+03 2.396022e-12
1.160000e+03 2.390704e-12
1.161000e+03 2.385403e-12
1.162000e+03 2.380118e-12
1.163000e+03 2.374849e-12
1.164000e+03 2.369596e-12
1.165000e+03 2.364360e-12
1.166000e+03 2.359139e-12
1.167000e+03 2.353935e-12
1.168000e+03 2.348746e-12
1.169000e+03 2.343573e-12
1.170000e+03 2.338416e-12
1.171000e+03 2.333275e-12
1.172000e+03 2.328150e-12
1.173000e+03 2.323040e-12
1.174000e+03 2.317945e-12
1.175000e+03 2.312867e-12
1.176000e+03 2.307803e-12
1.177000e+03 2.302755e-12
1.178000e+03 2.297722e-12
1.179000e+03 2.292705e-12
1.180000e+03 2.287703e-12
1.181000e+03 2.282716e-12
1.182000e+03 2.277744e-12
1.183000e+03 2.272787e-12
1.184000e+03 2.267844e-12
1.185000e+03 2.262917e-12
1.186000e+03 2.258005e-12
1.187000e+03 2.253107e-12
1.188000e+03 2.248225e-12
1.189000e+03 2.243357e-12
1.190000e+03 2.238503e-12
1.191000e+03 2.233664e-12
1.192000e+03 2.228840e-12
1.193000e+03 2.224030e-12
1.194000e+03 2.219234e-12
1.195000e+03 2.214453e-12
1.196000e+03 2.209686e-12
1.197000e+03 2.204933e-12
1.198000e+03 2.200195e-12
1.199000e+03 2.195470e-12
1.200000e+03 2.190760e-12
1.201000e+03 2.186064e-12
1.202000e+03 2.181381e-12
1.203000e+03 2.176713e-12
1.204000e+03 2.172058e-12
1.205000e+03 2.167417e-12
1.206000e+03 2.162790e-12
1.207000e+03 2.158177e-12
1.208000e+03 2.153577e-12
1.209000e+03 2.148991e-12
1.210000e+03 2.144419e-12
1.211000e+03 2.139860e-12
1.212000e+03 2.135314e-12
1.213000e+03 2.130782e-12
1.214000e+03 2.126263e-12
1.215000e+03 2.121757e-12
1.216000e+03 2.117265e-12
1.217000e+03 2.112786e-12
1.218000e+03 2.108320e-12
1.219000e+03 2.103867e-12
1.220000e+03 2.099427e-12
1.221000e+03 2.095000e-12
1.222000e+03 2.090586e-12
1.223000e+03 2.086185e-12
1.224000e+03 2.081797e-12
1.225000e+03 2.077422e-12
1.226000e+03 2.073059e-12
1.227000e+03 2.068709e-12
1.228000e+03 2.064372e-12
1.229000e+03 2.060048e-12
1.230000e+03 2.055736e-12
1.231000e+03 2.051436e-12
1.232000e+03 2.047149e-12
1.233000e+03 2.042874e-12
1.234000e+03 2.038612e-12
1.235000e+03 2.034362e-12
1.236000e+03 2.030124e-12
1.237000e+03 2.025899e-12
1.238000e+03 2.021686e-12
1.239000e+03 2.017485e-12
1.240000e+03 2.013296e-12
1.241000e+03 2.009119e-12
1.242000e+03 2.004954e-12
1.243000e+03 2.000801e-12
1.244000e+03 1.996660e-12
1.245000e+03 1.992531e-12
1.246000e+03 1.988414e-12
1.247000e+03 1.984309e-12
1.248000e+03 1.980215e-12
1.249000e+03 1.976133e-12
1.250000e+03 1.972063e-12
1.251000e+03 1.968004e-12
1.252000e+03 1.963957e-12
1.253000e+03 1.959922e-12
1.254000e+03 1.955898e-12
1.255000e+03 1.951885e-12
1.256000e+03 1.947884e-12
1.257000e+03 1.943894e-12
1.258000e+03 1.939916e-12
1.259000e+03 1.935949e-12
1.260000e+03 1.931993e-12
1.261000e+03 1.928048e-12
1.262000e+03 1.924114e-12
1.263000e+03 1.920192e-12
1.264000e+03 1.916281e-12
1.265000e+03 1.912381e-12
1.266000e+03 1.908491e-12
1.267000e+03 1.904613e-12
1.268000e+03 1.900746e-12
1.269000e+03 1.896889e-12
1.270000e+03 1.893044e-12
1.271000e+03 1.889209e-12
1.272000e+03 1.885385e-12
1.273000e+03 1.881572e-12
1.274000e+03 1.877769e-12
1.275000e+03 1.873978e-12
1.276000e+03 1.870196e-12
1.277000e+03 1.866426e-12
1.278000e+03 1.862665e-12
1.279000e+03 1.858916e-12
1.280000e+03 1.855177e-12
1.281000e+03 1.851448e-12
1.282000e+03 1.847730e-12
1.283000e+03 1.844022e-12
1.284000e+03 1.840324e-12
1.285000e+03 1.836637e-12
1.286000e+03 1.832960e-12
1.287000e+03 1.829293e-12
1.288000e+03 1.825636e-12
1.289000e+03 1.821989e-12
1.290000e+03 1.818353e-12
1.291000e+03 1.814726e-12
1.292000e+03 1.811110e-12
1.293000e+03 1.807504e-12
1.294000e+03 1.803907e-12
1.295000e+03 1.800321e-12
1.296000e+03 1.796744e-12
1.297000e+03 1.793177e-12
1.298000e+03 1.789620e-12
1.299000e+03 1.786073e-12
1.300000e+03 1.782536e-12
1.301000e+03 1.779008e-12
1.302000e+03 1.775490e-12
1.303000e+03 1.771982e-12
1.304000e+03 1.768483e-12
1.305000e+03 1.764994e-12
1.306000e+03 1.761514e-12
1.307000e+03 1.758044e-12
1.308000e+03 1.754584e-12
1.309000e+03 1.751133e-12
1.310000e+03 1.747691e-12
1.311000e+03 1.744258e-12
1.312000e+03 1.740835e-12
1.313000e+03 1.737422e-12
1.314000e+03 1.734017e-12
1.315000e+03 1.730622e-12
1.316000e+03 1.727236e-12
1.317000e+03 1.723860e-12
1.318000e+03 1.720492e-12
1.319000e+03 1.717134e-12
1.320000e+03 1.713784e-12
1.321000e+03 1.710444e-12
1.322000e+03 1.707113e-12
1.323000e+03 1.703790e-12
1.324000e+03 1.700477e-12
1.325000e+03 1.697173e-12
1.326000e+03 1.693877e-12
1.327000e+03 1.690591e-12
1.328000e+03 1.687313e-12
1.329000e+03 1.684044e-12
1.330000e+03 1.680784e-12
1.331000e+03 1.677532e-12
1.332000e+03 1.674290e-12
1.333000e+03 1.671056e-12
1.334000e+03 1.667831e-12
1.335000e+03 1.664614e-12
1.336000e+03 1.661406e-12
1.337000e+03 1.658206e-12
1.338000e+03 1.655015e-12
1.339000e+03 1.651833e-12
1.340000e+03 1.648659e-12
1.341000e+03 1.645494e-12
1.342000e+03 1.642337e-12
1.343000e+03 1.639188e-12
1.344000e+03 1.636048e-12
1.345000e+03 1.632916e-12
1.346000e+03 1.629792e-12
1.347000e+03 1.626677e-12
1.348000e+03 1.623570e-12
1.349000e+03 1.620471e-12
1.350000e+03 1.617380e-12
1.351000e+03 1.614298e-12
1.352000e+03 1.611224e-12
1.353000e+03 1.608157e-12
1.354000e+03 1.605099e-12
1.355000e+03 1.602049e-12
1.356000e+03 1.599007e-12
1.357000e+03 1.595973e-12
1.358000e+03 1.592947e-12
1.359000e+03 1.589929e-12
1.360000e+03 1.586919e-12
1.361000e+03 1.583917e-12
1.362000e+03 1.580923e-12
1.363000e+03 1.577936e-12
1.364000e+03 1.574958e-12
1.365000e+03 1.571987e-12
1.366000e+03 1.569024e-12
1.367000e+03 1.566069e-12
1.368000e+03 1.563121e-12
1.369000e+03 1.560181e-12
1.370000e+03 1.557249e-12
1.371000e+03 1.554324e-12
1.372000e+03 1.551407e-12
1.373000e+03 1.548498e-12
1.374000e+03 1.545596e-12
1.375000e+03 1.542702e-12
1.376000e+03 1.539815e-12
1.377000e+03 1.536936e-12
1.378000e+03 1.534064e-12
1.379000e+03 1.531200e-12
1.380000e+03 1.528343e-12
1.381000e+03 1.525494e-12
1.382000e+03 1.522651e-12
1.383000e+03 1.519817e-12
1.384000e+03 1.516989e-12
1.385000e+03 1.514169e-12
1.386000e+03 1.511356e-12
1.387000e+03 1.508550e-12
1.388000e+03 1.505752e-12
1.389000e+03 1.502961e-12
1.390000e+03 1.500177e-12
1.391000e+03 1.497400e-12
1.392000e+03 1.494630e-12
1.393000e+03 1.491867e-12
1.394000e+03 1.489112e-12
1.395000e+03 1.486363e-12
1.396000e+03 1.483622e-12
1.397000e+03 1.480887e-12
1.398000e+03 1.478160e-12
1.399000e+03 1.475439e-12
1.400000e+03 1.472726e-12
1.401000e+03 1.470019e-12
1.402000e+03 1.467319e-12
1.403000e+03 1.464627e-12
1.404000e+03 1.461941e-12
1.405000e+03 1.459261e-12
1.406000e+03 1.456589e-12
1.407000e+03 1.453923e-12
1.408000e+03 1.451265e-12
1.409000e+03 1.448613e-12
1.410000e+03 1.445967e-12
1.411000e+03 1.443329e-12
1.412000e+03 1.440697e-12
1.413000e+03 1.438071e-12
1.414000e+03 1.435453e-12
1.415000e+03 1.432841e-12
1.416000e+03 1.430235e-12
1.417000e+03 1.427636e-12
1.418000e+03 1.425044e-12
1.419000e+03 1.422458e-12
1.420000e+03 1.419879e-12
1.421000e+03 1.417306e-12
1.422000e+03 1.414740e-12
1.423000e+03 1.412180e-12
1.424000e+03 1.409626e-12
1.425000e+03 1.407079e-12
1.426000e+03 1.404539e-12
1.427000e+03 1.402004e-12
1.428000e+03 1.399476e-12
1.429000e+03 1.396955e-12
1.430000e+03 1.394439e-12
1.431000e+03 1.391930e-12
1.432000e+03 1.389427e-12
1.433000e+03 1.386931e-12
1.434000e+03 1.384441e-12
1.435000e+03 1.381956e-12
1.436000e+03 1.379478e-12
1.437000e+03 1.377007e-12
1.438000e+03 1.374541e-12
1.439000e+03 1.372081e-12
1.440000e+03 1.369628e-12
1.441000e+03 1.367181e-12
1.442000e+03 1.364739e-12
1.443000e+03 1.362304e-12
1.444000e+03 1.359875e-12
1.445000e+03 1.357452e-12
1.446000e+03 1.355035e-12
1.447000e+03 1.352623e-12
1.448000e+03 1.350218e-12
1.449000e+03 1.347819e-12
1.450000e+03 1.345425e-12
1.451000e+03 1.343038e-12
1.452000e+03 1.340656e-12
1.453000e+03 1.338281e-12
1.454000e+03 1.335911e-12
1.455000e+03 1.333546e-12
1.456000e+03 1.331188e-12
1.457000e+03 1.328836e-12
1.458000e+03 1.326489e-12
1.459000e+03 1.324148e-12
1.460000e+03 1.321813e-12
1.461000e+03 1.319483e-12
1.462000e+03 1.317159e-12
1.463000e+03 1.314841e-12
1.464000e+03 1.312528e-12
1.465000e+03 1.310221e-12
1.466000e+03 1.307920e-12
1.467000e+03 1.305624e-12
1.468000e+03 1.303334e-12
1.469000e+03 1.301050e-12
1.470000e+03 1.298771e-12
1.471000e+03 1.296498e-12
1.472000e+03 1.294230e-12
1.473000e+03 1.291967e-12
1.474000e+03 1.289710e-12
1.475000e+03 1.287459e-12
1.476000e+03 1.285213e-12
1.477000e+03 1.282972e-12
1.478000e+03 1.280737e-12
1.479000e+03 1.278508e-12
1.480000e+03 1.276283e-12
1.481000e+03 1.274064e-12
1.482000e+03 1.271851e-12
1.483000e+03 1.269642e-12
1.484000e+03 1.267439e-12
1.485000e+03 1.265242e-12
1.486000e+03 1.263049e-12
1.487000e+03 1.260862e-12
1.488000e+03 1.258680e-12
1.489000e+03 1.256504e-12
1.490000e+03 1.254332e-12
1.491000e+03 1.252166e-12
1.492000e+03 1.250005e-12
1.493000e+03 1.247849e-12
1.494000e+03 1.245699e-12
1.495000e+03 1.243553e-12
1.496000e+03 1.241413e-12
1.497000e+03 1.239277e-12
1.498000e+03 1.237147e-12
1.499000e+03 1.235022e-12
1.500000e+03 1.232902e-12
1.501000e+03 1.230787e-12
1.502000e+03 1.228677e-12
1.503000e+03 1.226572e-12
1.504000e+03 1.224472e-12
1.505000e+03 1.222377e-12
1.506000e+03 1.220287e-12
1.507000e+03 1.218202e-12
1.508000e+03 1.216122e-12
1.509000e+03 1.214047e-12
1.510000e+03 1.211977e-12
1.511000e+03 1.209911e-12
1.512000e+03 1.207851e-12
1.513000e+03 1.205795e-12
1.514000e+03 1.203745e-12
1.515000e+03 1.201699e-12
1.516000e+03 1.199658e-12
1.517000e+03 1.197621e-12
1.518000e+03 1.195590e-12
1.519000e+03 1.193563e-12
1.520000e+03 1.191541e-12
1.521000e+03 1.189524e-12
1.522000e+03 1.187511e-12
1.523000e+03 1.185504e-12
1.524000e+03 1.183501e-12
1.525000e+03 1.181502e-12
1.526000e+03 1.179509e-12
1.527000e+03 1.177520e-12
1.528000e+03 1.175535e-12
1.529000e+03 1.173556e-12
1.530000e+03 1.171581e-12
1.531000e+03 1.169610e-12
1.532000e+03 1.167644e-12
1.533000e+03 1.165683e-12
1.534000e+03 1.163727e-12
1.535000e+03 1.161774e-12
1.536000e+03 1.159827e-12
1.537000e+03 1.157884e-12
1.538000e+03 1.155945e-12
1.539000e+03 1.154011e-12
1.540000e+03 1.152082e-12
1.541000e+03 1.150156e-12
1.542000e+03 1.148236e-12
1.543000e+03 1.146320e-12
1.544000e+03 1.144408e-12
1.545000e+03 1.142501e-12
1.546000e+03 1.140598e-12
1.547000e+03 1.138699e-12
1.548000e+03 1.136805e-12
1.549000e+03 1.134915e-12
1.550000e+03 1.133030e-12
1.551000e+03 1.131149e-12
1.552000e+03 1.129272e-12
1.553000e+03 1.127400e-12
1.554000e+03 1.125532e-12
1.555000e+03 1.123668e-12
1.556000e+03 1.121808e-12
1.557000e+03 1.119953e-12
1.558000e+03 1.118102e-12
1.559000e+03 1.116255e-12
1.560000e+03 1.114413e-12
1.561000e+03 1.112575e-12
1.562000e+03 1.110741e-12
1.563000e+03 1.108911e-12
1.564000e+03 1.107085e-12
1.565000e+03 1.105263e-12
1.566000e+03 1.103446e-12
1.567000e+03 1.101633e-12
1.568000e+03 1.099824e-12
1.569000e+03 1.098019e-12
1.570000e+03 1.096218e-12
1.571000e+03 1.094421e-12
1.572000e+03 1.092628e-12
1.573000e+03 1.090840e-12
1.574000e+03 1.089055e-12
1.575000e+03 1.087275e-12
1.576000e+03 1.085498e-12
1.577000e+03 1.083726e-12
1.578000e+03 1.081957e-12
1.579000e+03 1.080193e-12
1.580000e+03 1.078432e-12
1.581000e+03 1.076676e-12
1.582000e+03 1.074924e-12
1.583000e+03 1.073175e-12
1.584000e+03 1.071430e-12
1.585000e+03 1.069690e-12
1.586000e+03 1.067953e-12
1.587000e+03 1.066220e-12
1.588000e+03 1.064491e-12
1.589000e+03 1.062766e-12
1.590000e+03 1.061045e-12
1.591000e+03 1.059328e-12
1.592000e+03 1.057614e-12
1.593000e+03 1.055905e-12
1.594000e+03 1.054199e-12
1.595000e+03 1.052497e-12
1.596000e+03 1.050799e-12
1.597000e+03 1.049105e-12
1.598000e+03 1.047414e-12
1.599000e+03 1.045728e-12
1.600000e+03 1.044045e-12
1.601000e+03 1.042365e-12
1.602000e+03 1.040690e-12
1.603000e+03 1.039018e-12
1.604000e+03 1.037350e-12
1.605000e+03 1.035686e-12
1.606000e+03 1.034025e-12
1.607000e+03 1.032368e-12
1.608000e+03 1.030715e-12
1.609000e+03 1.029066e-12
1.610000e+03 1.027420e-12
1.611000e+03 1.025778e-12
1.612000e+03 1.024139e-12
1.613000e+03 1.022504e-12
1.614000e+03 1.020873e-12
1.615000e+03 1.019245e-12
1.616000e+03 1.017621e-12
1.617000e+03 1.016000e-12
1.618000e+03 1.014383e-12
1.619000e+03 1.012770e-12
1.620000e+03 1.011160e-12
1.621000e+03 1.009554e-12
1.622000e+03 1.007951e-12
1.623000e+03 1.006352e-12
1.624000e+03 1.004756e-12
1.625000e+03 1.003164e-12
1.626000e+03 1.001576e-12
1.627000e+03 9.999905e-13
1.628000e+03 9.984088e-13
1.629000e+03 9.968305e-13
1.630000e+03 9.952558e-13
1.631000e+03 9.936845e-13
1.632000e+03 9.921166e-13
1.633000e+03 9.905522e-13
1.634000e+03 9.889911e-13
1.635000e+03 9.874335e-13
1.636000e+03 9.858793e-13
1.637000e+03 9.843285e-13
1.638000e+03 9.827811e-13
1.639000e+03 9.812371e-13
1.640000e+03 9.796964e-13
1.641000e+03 9.781591e-13
1.642000e+03 9.766251e-13
1.643000e+03 9.750945e-13
1.644000e+03 9.735671e-13
1.645000e+03 9.720431e-13
1.646000e+03 9.705225e-13
1.647000e+03 9.690051e-13
1.648000e+03 9.674910e-13
1.649000e+03 9.659802e-13
1.650000e+03 9.644726e-13
1.651000e+03 9.629684e-13
1.652000e+03 9.614673e-13
1.653000e+03 9.599696e-13
1.654000e+03 9.584750e-13
1.655000e+03 9.569837e-13
1.656000e+03 9.554956e-13
1.657000e+03 9.540108e-13
1.658000e+03 9.525291e-13
1.659000e+03 9.510506e-13
1.660000e+03 9.495753e-13
1.661000e+03 9.481032e-13
1.662000e+03 9.466342e-13
1.663000e+03 9.451684e-13
1.664000e+03 9.437058e-13
1.665000e+03 9.422463e-13
1.666000e+03 9.407899e-13
1.667000e+03 9.393366e-13
1.668000e+03 9.378865e-13
1.669000e+03 9.364394e-13
1.670000e+03 9.349955e-13
1.671000e+03 9.335546e-13
1.672000e+03 9.321169e-13
1.673000e+03 9.306822e-13
1.674000e+03 9.292505e-13
1.675000e+03 9.278220e-13
1.676000e+03 9.263964e-13
1.677000e+03 9.249739e-13
1.678000e+03 9.235545e-13
1.679000e+03 9.221380e-13
1.680000e+03 9.207246e-13
1.681000e+03 9.193142e-13
1.682000e+03 9.179067e-13
1.683000e+03 9.165023e-13
1.684000e+03 9.151008e-13
1.685000e+03 9.137024e-13
1.686000e+03 9.123068e-13
1.687000e+03 9.109143e-13
1.688000e+03 9.095247e-13
1.689000e+03 9.081380e-13
1.690000e+03 9.067543e-13
1.691000e+03 9.053735e-13
1.692000e+03 9.039956e-13
1.693000e+03 9.026206e-13
1.694000e+03 9.012485e-13
1.695000e+03 8.998793e-13
1.696000e+03 8.985130e-13
1.697000e+03 8.971496e-13
1.698000e+03 8.957890e-13
1.699000e+03 8.944313e-13
1.700000e+03 8.930765e-13
1.701000e+03 8.917245e-13
1.702000e+03 8.903753e-13
1.703000e+03 8.890290e-13
1.704000e+03 8.876855e-13
1.705000e+03 8.863448e-13
1.706000e+03 8.850070e-13
1.707000e+03 8.836719e-13
1.708000e+03 8.823396e-13
1.709000e+03 8.810101e-13
1.710000e+03 8.796834e-13
1.711000e+03 8.783595e-13
1.712000e+03 8.770383e-13
1.713000e+03 8.757199e-13
1.714000e+03 8.744042e-13
1.715000e+03 8.730913e-13
1.716000e+03 8.717811e-13
1.717000e+03 8.704737e-13
1.718000e+03 8.691689e-13
1.719000e+03 8.678669e-13
1.720000e+03 8.665676e-13
1.721000e+03 8.652709e-13
1.722000e+03 8.639770e-13
1.723000e+03 8.626858e-13
1.724000e+03 8.613972e-13
1.725000e+03 8.601113e-13
1.726000e+03 8.588281e-13
1.727000e+03 8.575475e-13
1.728000e+03 8.562695e-13
1.729000e+03 8.549943e-13
1.730000e+03 8.537216e-13
1.731000e+03 8.524516e-13
1.732000e+03 8.511842e-13
1.733000e+03 8.499194e-13
1.734000e+03 8.486572e-13
1.735000e+03 8.473976e-13
1.736000e+03 8.461406e-13
1.737000e+03 8.448862e-13
1.738000e+03 8.436344e-13
1.739000e+03 8.423852e-13
1.740000e+03 8.411385e-13
1.741000e+03 8.398943e-13
1.742000e+03 8.386528e-13
1.743000e+03 8.374138e-13
1.744000e+03 8.361773e-13
1.745000e+03 8.349433e-13
1.746000e+03 8.337119e-13
1.747000e+03 8.324830e-13
1.748000e+03 8.312566e-13
1.749000e+03 8.300327e-13
1.750000e+03 8.288113e-13
1.751000e+03 8.275924e-13
1.752000e+03 8.263760e-13
1.753000e+03 8.251621e-13
1.754000e+03 8.239507e-13
1.755000e+03 8.227417e-13
1.756000e+03 8.215352e-13
1.757000e+03 8.203311e-13
1.758000e+03 8.191295e-13
1.759000e+03 8.179303e-13
1.760000e+03 8.167335e-13
1.761000e+03 8.155392e-13
1.762000e+03 8.143473e-13
1.763000e+03 8.131579e-13
1.764000e+03 8.119708e-13
1.765000e+03 8.107862e-13
1.766000e+03 8.096039e-13
1.767000e+03 8.084240e-13
1.768000e+03 8.072465e-13
1.769000e+03 8.060714e-13
1.770000e+03 8.048987e-13
1.771000e+03 8.037284e-13
1.772000e+03 8.025603e-13
1.773000e+03 8.013947e-13
1.774000e+03 8.002314e-13
1.775000e+03 7.990704e-13
1.776000e+03 7.979118e-13
1.777000e+03 7.967555e-13
1.778000e+03 7.956016e-13
1.779000e+03 7.944499e-13
1.780000e+03 7.933006e-13
1.781000e+03 7.921536e-13
1.782000e+03 7.910089e-13
1.783000e+03 7.898664e-13
1.784000e+03 7.887263e-13
1.785000e+03 7.875884e-13
1.786000e+03 7.864529e-13
1.787000e+03 7.853195e-13
1.788000e+03 7.841885e-13
1.789000e+03 7.830597e-13
1.790000e+03 7.819332e-13
1.791000e+03 7.808089e-13
1.792000e+03 7.796869e-13
1.793000e+03 7.785671e-13
1.794000e+03 7.774495e-13
1.795000e+03 7.763342e-13
1.796000e+03 7.752210e-13
1.797000e+03 7.741101e-13
1.798000e+03 7.730014e-13
1.799000e+03 7.718949e-13
1.800000e+03 7.707906e-13
1.801000e+03 7.696885e-13
1.802000e+03 7.685886e-13
1.803000e+03 7.674909e-13
1.804000e+03 7.663953e-13
1.805000e+03 7.653019e-13
1.806000e+03 7.642107e-13
1.807000e+03 7.631216e-13
1.808000e+03 7.620347e-13
1.809000e+03 7.609499e-13
1.810000e+03 7.598673e-13
1.811000e+03 7.587868e-13
1.812000e+03 7.577084e-13
1.813000e+03 7.566322e-13
1.814000e+03 7.555581e-13
1.815000e+03 7.544861e-13
1.816000e+03 7.534162e-13
1.817000e+03 7.523484e-13
1.818000e+03 7.512827e-13
1.819000e+03 7.502192e-13
1.820000e+03 7.491577e-13
1.821000e+03 7.480982e-13
1.822000e+03 7.470409e-13
1.823000e+03 7.459856e-13
1.824000e+03 7.449324e-13
1.825000e+03 7.438813e-13
1.826000e+03 7.428322e-13
1.827000e+03 7.417852e-13
1.828000e+03 7.407402e-13
1.829000e+03 7.396973e-13
1.830000e+03 7.386564e-13
1.831000e+03 7.376176e-13
1.832000e+03 7.365807e-13
1.833000e+03 7.355459e-13
1.834000e+03 7.345131e-13
1.835000e+03 7.334823e-13
1.836000e+03 7.324535e-13
1.837000e+03 7.314268e-13
1.838000e+03 7.304020e-13
1.839000e+03 7.293792e-13
1.840000e+03 7.283584e-13
1.841000e+03 7.273396e-13
1.842000e+03 7.263227e-13
1.843000e+03 7.253079e-13
1.844000e+03 7.242950e-13
1.845000e+03 7.232840e-13
1.846000e+03 7.222751e-13
1.847000e+03 7.212680e-13
1.848000e+03 7.202629e-13
1.849000e+03 7.192598e-13
1.850000e+03 7.182586e-13
1.851000e+03 7.172593e-13
1.852000e+03 7.162620e-13
1.853000e+03 7.152666e-13
1.854000e+03 7.142731e-13
1.855000e+03 7.132815e-13
1.856000e+03 7.122919e-13
1.857000e+03 7.113041e-13
1.858000e+03 7.103182e-13
1.859000e+03 7.093343e-13
1.860000e+03 7.083522e-13
1.861000e+03 7.073720e-13
1.862000e+03 7.063937e-13
1.863000e+03 7.054173e-13
1.864000e+03 7.044427e-13
1.865000e+03 7.034700e-13
1.866000e+03 7.024992e-13
1.867000e+03 7.015302e-13
1.868000e+03 7.005631e-13
1.869000e+03 6.995978e-13
1.870000e+03 6.986344e-13
1.871000e+03 6.976728e-13
1.872000e+03 6.967131e-13
1.873000e+03 6.957552e-13
1.874000e+03 6.947991e-13
1.875000e+03 6.938449e-13
1.876000e+03 6.928924e-13
1.877000e+03 6.919418e-13
1.878000e+03 6.909930e-13
1.879000e+03 6.900460e-13
1.880000e+03 6.891007e-13
1.881000e+03 6.881573e-13
1.882000e+03 6.872157e-13
1.883000e+03 6.862759e-13
1.884000e+03 6.853378e-13
1.885000e+03 6.844015e-13
1.886000e+03 6.834670e-13
1.887000e+03 6.825343e-13
1.888000e+03 6.816034e-13
1.889000e+03 6.806741e-13
1.890000e+03 6.797467e-13
1.891000e+03 6.788210e-13
1.892000e+03 6.778971e-13
1.893000e+03 6.769749e-13
1.894000e+03 6.760544e-13
1.895000e+03 6.751357e-13
1.896000e+03 6.742187e-13
1.897000e+03 6.733035e-13
1.898000e+03 6.723899e-13
1.899000e+03 6.714781e-13
1.900000e+03 6.705680e-13
1.901000e+03 6.696596e-13
1.902000e+03 6.687529e-13
1.903000e+03 6.678480e-13
1.904000e+03 6.669447e-13
1.905000e+03 6.660431e-13
1.906000e+03 6.651432e-13
1.907000e+03 6.642450e-13
1.908000e+03 6.633485e-13
1.909000e+03 6.624536e-13
1.910000e+03 6.615605e-13
1.911000e+03 6.606690e-13
1.912000e+03 6.597791e-13
1.913000e+03 6.588910e-13
1.914000e+03 6.580044e-13
1.915000e+03 6.571196e-13
1.916000e+03 6.562364e-13
1.917000e+03 6.553548e-13
1.918000e+03 6.544749e-13
1.919000e+03 6.535966e-13
1.920000e+03 6.527200e-13
1.921000e+03 6.518450e-13
1.922000e+03 6.509716e-13
1.923000e+03 6.500998e-13
1.924000e+03 6.492297e-13
1.925000e+03 6.483612e-13
1.926000e+03 6.474943e-13
1.927000e+03 6.466290e-13
1.928000e+03 6.457653e-13
1.929000e+03 6.449032e-13
1.930000e+03 6.440427e-13
1.931000e+03 6.431838e-13
1.932000e+03 6.423265e-13
1.933000e+03 6.414707e-13
1.934000e+03 6.406166e-13
1.935000e+03 6.397640e-13
1.936000e+03 6.389130e-13
1.937000e+03 6.380636e-13
1.938000e+03 6.372157e-13
1.939000e+03 6.363694e-13
1.940000e+03 6.355247e-13
1.941000e+03 6.346815e-13
1.942000e+03 6.338399e-13
1.943000e+03 6.329998e-13
1.944000e+03 6.321612e-13
1.945000e+03 6.313242e-13
1.946000e+03 6.304888e-13
1.947000e+03 6.296549e-13
1.948000e+03 6.288225e-13
1.949000e+03 6.279916e-13
1.950000e+03 6.271623e-13
1.951000e+03 6.263344e-13
1.952000e+03 6.255081e-13
1.953000e+03 6.246833e-13
1.954000e+03 6.238600e-13
1.955000e+03 6.230383e-13
1.956000e+03 6.222180e-13
1.957000e+03 6.213992e-13
1.958000e+03 6.205819e-13
1.959000e+03 6.197661e-13
1.960000e+03 6.189518e-13
1.961000e+03 6.181390e-13
1.962000e+03 6.173276e-13
1.963000e+03 6.165178e-13
1.964000e+03 6.157094e-13
1.965000e+03 6.149025e-13
1.966000e+03 6.140970e-13
1.967000e+03 6.132930e-13
1.968000e+03 6.124905e-13
1.969000e+03 6.116894e-13
1.970000e+03 6.108898e-13
1.971000e+03 6.100917e-13
1.972000e+03 6.092949e-13
1.973000e+03 6.084997e-13
1.974000e+03 6.077058e-13
1.975000e+03 6.069134e-13
1.976000e+03 6.061225e-13
1.977000e+03 6.053329e-13
1.978000e+03 6.045448e-13
1.979000e+03 6.037581e-13
1.980000e+03 6.029729e-13
1.981000e+03 6.021890e-13
1.982000e+03 6.014066e-13
1.983000e+03 6.006256e-13
1.984000e+03 5.998459e-13
1.985000e+03 5.990677e-13
1.986000e+03 5.982909e-13
1.987000e+03 5.975155e-13
1.988000e+03 5.967415e-13
1.989000e+03 5.959689e-13
1.990000e+03 5.951976e-13
1.991000e+03 5.944278e-13
1.992000e+03 5.936593e-13
1.993000e+03 5.928922e-13
1.994000e+03 5.921265e-13
1.995000e+03 5.913621e-13
1.996000e+03 5.905991e-13
1.997000e+03 5.898375e-13
1.998000e+03 5.890773e-13
1.999000e+03 5.883184e-13
2.000000e+03 5.875609e-13
2.001000e+03 5.868047e-13
2.002000e+03 5.860498e-13
2.003000e+03 5.852964e-13
2.004000e+03 5.845442e-13
2.005000e+03 5.837934e-13
2.006000e+03 5.830440e-13
2.007000e+03 5.822958e-13
2.008000e+03 5.815490e-13
2.009000e+03 5.808036e-13
2.010000e+03 5.800594e-13
2.011000e+03 5.793166e-13
2.012000e+03 5.785751e-13
2.013000e+03 5.778349e-13
2.014000e+03 5.770961e-13
2.015000e+03 5.763585e-13
2.016000e+03 5.756223e-13
2.017000e+03 5.748873e-13
2.018000e+03 5.741537e-13
2.019000e+03 5.734214e-13
2.020000e+03 5.726903e-13
2.021000e+03 5.719606e-13
2.022000e+03 5.712321e-13
2.023000e+03 5.705049e-13
2.024000e+03 5.697790e-13
2.025000e+03 5.690544e-13
2.026000e+03 5.683311e-13
2.027000e+03 5.676090e-13
2.028000e+03 5.668883e-13
2.029000e+03 5.661687e-13
2.030000e+03 5.654505e-13
2.031000e+03 5.647335e-13
2.032000e+03 5.640178e-13
2.033000e+03 5.633033e-13
2.034000e+03 5.625901e-13
2.035000e+03 5.618782e-13
2.036000e+03 5.611675e-13
2.037000e+03 5.604580e-13
2.038000e+03 5.597498e-13
2.039000e+03 5.590429e-13
2.040000e+03 5.583371e-13
2.041000e+03 5.576326e-13
2.042000e+03 5.569294e-13
2.043000e+03 5.562273e-13
2.044000e+03 5.555265e-13
2.045000e+03 5.548270e-13
2.046000e+03 5.541286e-13
2.047000e+03 5.534315e-13
2.048000e+03 5.527356e-13
2.049000e+03 5.520409e-13
2.050000e+03 5.513474e-13
2.051000e+03 5.506551e-13
2.052000e+03 5.499640e-13
2.053000e+03 5.492741e-13
2.054000e+03 5.485855e-13
2.055000e+03 5.478980e-13
2.056000e+03 5.472117e-13
2.057000e+03 5.465266e-13
2.058000e+03 5.458427e-13
2.059000e+03 5.451600e-13
2.060000e+03 5.444785e-13
2.061000e+03 5.437981e-13
2.062000e+03 5.431190e-13
2.063000e+03 5.424410e-13
2.064000e+03 5.417642e-13
2.065000e+03 5.410885e-13
2.066000e+03 5.404141e-13
2.067000e+03 5.397408e-13
2.068000e+03 5.390686e-13
2.069000e+03 5.383976e-13
2.070000e+03 5.377278e-13
2.071000e+03 5.370592e-13
2.072000e+03 5.363916e-13
2.073000e+03 5.357253e-13
2.074000e+03 5.350601e-13
2.075000e+03 5.343960e-13
2.076000e+03 5.337331e-13
2.077000e+03 5.330713e-13
2.078000e+03 5.324107e-13
2.079000e+03 5.317512e-13
2.080000e+03 5.310928e-13
2.081000e+03 5.304355e-13
2.082000e+03 5.297794e-13
2.083000e+03 5.291244e-13
2.084000e+03 5.284706e-13
2.085000e+03 5.278178e-13
2.086000e+03 5.271662e-13
2.087000e+03 5.265157e-13
2.088000e+03 5.258663e-13
2.089000e+03 5.252180e-13
2.090000e+03 5.245709e-13
2.091000e+03 5.239248e-13
2.092000e+03 5.232798e-13
2.093000e+03 5.226360e-13
2.094000e+03 5.219932e-13
2.095000e+03 5.213515e-13
2.096000e+03 5.207110e-13
2.097000e+03 5.200715e-13
2.098000e+03 5.194331e-13
2.099000e+03 5.187958e-13
2.100000e+03 5.181596e-13
2.101000e+03 5.175244e-13
2.102000e+03 5.168904e-13
2.103000e+03 5.162574e-13
2.104000e+03 5.156255e-13
2.105000e+03 5.149947e-13
2.106000e+03 5.143649e-13
2.107000e+03 5.137362e-13
2.108000e+03 5.131086e-13
2.109000e+03 5.124821e-13
2.110000e+03 5.118566e-13
2.111000e+03 5.112321e-13
2.112000e+03 5.106087e-13
2.113000e+03 5.099864e-13
2.114000e+03 5.093651e-13
2.115000e+03 5.087449e-13
2.116000e+03 5.081257e-13
2.117000e+03 5.075076e-13
2.118000e+03 5.068905e-13
2.119000e+03 5.062745e-13
2.120000e+03 5.056595e-13
2.121000e+03 5.050455e-13
2.122000e+03 5.044326e-13
2.123000e+03 5.038207e-13
2.124000e+03 5.032098e-13
2.125000e+03 5.025999e-13
2.126000e+03 5.019911e-13
2.127000e+03 5.013833e-13
2.128000e+03 5.007766e-13
2.129000e+03 5.001708e-13
2.130000e+03 4.995661e-13
2.131000e+03 4.989623e-13
2.132000e+03 4.983596e-13
2.133000e+03 4.977579e-13
2.134000e+03 4.971572e-13
2.135000e+03 4.965575e-13
2.136000e+03 4.959588e-13
2.137000e+03 4.953612e-13
2.138000e+03 4.947645e-13
2.139000e+03 4.941688e-13
2.140000e+03 4.935741e-13
2.141000e+03 4.929804e-13
2.142000e+03 4.923877e-13
2.143000e+03 4.917960e-13
2.144000e+03 4.912052e-13
2.145000e+03 4.906155e-13
2.146000e+03 4.900267e-13
2.147000e+03 4.894389e-13
2.148000e+03 4.888521e-13
2.149000e+03 4.882663e-13
2.150000e+03 4.876814e-13
2.151000e+03 4.870975e-13
2.152000e+03 4.865146e-13
2.153000e+03 4.859327e-13
2.154000e+03 4.853517e-13
2.155000e+03 4.847717e-13
2.156000e+03 4.841926e-13
2.157000e+03 4.836145e-13
2.158000e+03 4.830374e-13
2.159000e+03 4.824612e-13
2.160000e+03 4.818860e-13
2.161000e+03 4.813117e-13
2.162000e+03 4.807384e-13
2.163000e+03 4.801660e-13
2.164000e+03 4.795946e-13
2.165000e+03 4.790241e-13
2.166000e+03 4.784545e-13
2.167000e+03 4.778859e-13
2.168000e+03 4.773182e-13
2.169000e+03 4.767515e-13
2.170000e+03 4.761857e-13
2.171000e+03 4.756208e-13
2.172000e+03 4.750569e-13
2.173000e+03 4.744939e-13
2.174000e+03 4.739318e-13
2.175000e+03 4.733706e-13
2.176000e+03 4.728104e-13
2.177000e+03 4.722510e-13
2.178000e+03 4.716926e-13
2.179000e+03 4.711351e-13
2.180000e+03 4.705786e-13
2.181000e+03 4.700229e-13
2.182000e+03 4.694682e-13
2.183000e+03 4.689143e-13
2.184000e+03 4.683614e-13
2.185000e+03 4.678093e-13
2.186000e+03 4.672582e-13
2.187000e+03 4.667080e-13
2.188000e+03 4.661587e-13
2.189000e+03 4.656102e-13
2.190000e+03 4.650627e-13
2.191000e+03 4.645160e-13
2.192000e+03 4.639703e-13
2.193000e+03 4.634254e-13
2.194000e+03 4.628815e-13
2.195000e+03 4.623384e-13
2.196000e+03 4.617962e-13
2.197000e+03 4.612548e-13
2.198000e+03 4.607144e-13
2.199000e+03 4.601748e-13
2.200000e+03 4.596362e-13
2.201000e+03 4.590983e-13
2.202000e+03 4.585614e-13
2.203000e+03 4.580253e-13
2.204000e+03 4.574901e-13
2.205000e+03 4.569558e-13
2.206000e+03 4.564224e-13
2.207000e+03 4.558898e-13
2.208000e+03 4.553580e-13
2.209000e+03 4.548271e-13
2.210000e+03 4.542971e-13
2.211000e+03 4.537680e-13
2.212000e+03 4.532397e-13
2.213000e+03 4.527122e-13
2.214000e+03 4.521856e-13
2.215000e+03 4.516599e-13
2.216000e+03 4.511350e-13
2.217000e+03 4.506109e-13
2.218000e+03 4.500877e-13
2.219000e+03 4.495653e-13
2.220000e+03 4.490438e-13
2.221000e+03 4.485231e-13
2.222000e+03 4.480033e-13
2.223000e+03 4.474842e-13
2.224000e+03 4.469661e-13
2.225000e+03 4.464487e-13
2.226000e+03 4.459322e-13
2.227000e+03 4.454165e-13
2.228000e+03 4.449016e-13
2.229000e+03 4.443876e-13
2.230000e+03 4.438744e-13
2.231000e+03 4.433620e-13
2.232000e+03 4.428505e-13
2.233000e+03 4.423397e-13
2.234000e+03 4.418298e-13
2.235000e+03 4.413207e-13
2.236000e+03 4.408124e-13
2.237000e+03 4.403049e-13
2.238000e+03 4.397982e-13
2.239000e+03 4.392923e-13
2.240000e+03 4.387873e-13
2.241000e+03 4.382830e-13
2.242000e+03 4.377796e-13
2.243000e+03 4.372769e-13
2.244000e+03 4.367751e-13
2.245000e+03 4.362740e-13
2.246000e+03 4.357738e-13
2.247000e+03 4.352743e-13
2.248000e+03 4.347756e-13
2.249000e+03 4.342778e-13
2.250000e+03 4.337807e-13
2.251000e+03 4.332844e-13
2.252000e+03 4.327889e-13
2.253000e+03 4.322942e-13
2.254000e+03 4.318003e-13
2.255000e+03 4.313071e-13
2.256000e+03 4.308148e-13
2.257000e+03 4.303232e-13
2.258000e+03 4.298324e-13
2.259000e+03 4.293423e-13
2.260000e+03 4.288531e-13
2.261000e+03 4.283646e-13
2.262000e+03 4.278769e-13
2.263000e+03 4.273900e-13
2.264000e+03 4.269038e-13
2.265000e+03 4.264184e-13
2.266000e+03 4.259337e-13
2.267000e+03 4.254499e-13
2.268000e+03 4.249668e-13
2.269000e+03 4.244844e-13
2.270000e+03 4.240028e-13
2.271000e+03 4.235220e-13
2.272000e+03 4.230419e-13
2.273000e+03 4.225626e-13
2.274000e+03 4.220840e-13
2.275000e+03 4.216062e-13
2.276000e+03 4.211292e-13
2.277000e+03 4.206528e-13
2.278000e+03 4.201773e-13
2.279000e+03 4.197025e-13
2.280000e+03 4.192284e-13
2.281000e+03 4.187551e-13
2.282000e+03 4.182825e-13
2.283000e+03 4.178106e-13
2.284000e+03 4.173395e-13
2.285000e+03 4.168691e-13
2.286000e+03 4.163995e-13
2.287000e+03 4.159306e-13
2.288000e+03 4.154624e-13
2.289000e+03 4.149950e-13
2.290000e+03 4.145283e-13
2.291000e+03 4.140623e-13
2.292000e+03 4.135970e-13
2.293000e+03 4.131325e-13
2.294000e+03 4.126687e-13
2.295000e+03 4.122056e-13
2.296000e+03 4.117432e-13
2.297000e+03 4.112816e-13
2.298000e+03 4.108207e-13
2.299000e+03 4.103604e-13
2.300000e+03 4.099009e-13
2.301000e+03 4.094422e-13
2.302000e+03 4.089841e-13
2.303000e+03 4.085267e-13
2.304000e+03 4.080701e-13
2.305000e+03 4.076142e-13
2.306000e+03 4.071589e-13
2.307000e+03 4.067044e-13
2.308000e+03 4.062506e-13
2.309000e+03 4.057975e-13
2.310000e+03 4.053450e-13
2.311000e+03 4.048933e-13
2.312000e+03 4.044423e-13
2.313000e+03 4.039920e-13
2.314000e+03 4.035424e-13
2.315000e+03 4.030934e-13
2.316000e+03 4.026452e-13
2.317000e+03 4.021976e-13
2.318000e+03 4.017508e-13
2.319000e+03 4.013046e-13
2.320000e+03 4.008591e-13
2.321000e+03 4.004143e-13
2.322000e+03 3.999702e-13
2.323000e+03 3.995268e-13
2.324000e+03 3.990840e-13
2.325000e+03 3.986420e-13
2.326000e+03 3.982006e-13
2.327000e+03 3.977599e-13
2.328000e+03 3.973199e-13
2.329000e+03 3.968805e-13
2.330000e+03 3.964418e-13
2.331000e+03 3.960038e-13
2.332000e+03 3.955665e-13
2.333000e+03 3.951298e-13
2.334000e+03 3.946938e-13
2.335000e+03 3.942585e-13
2.336000e+03 3.938238e-13
2.337000e+03 3.933898e-13
2.338000e+03 3.929565e-13
2.339000e+03 3.925238e-13
2.340000e+03 3.920918e-13
2.341000e+03 3.916605e-13
2.342000e+03 3.912298e-13
2.343000e+03 3.907997e-13
2.344000e+03 3.903703e-13
2.345000e+03 3.899416e-13
2.346000e+03 3.895136e-13
2.347000e+03 3.890861e-13
2.348000e+03 3.886594e-13
2.349000e+03 3.882332e-13
2.350000e+03 3.878078e-13
2.351000e+03 3.873829e-13
2.352000e+03 3.869588e-13
2.353000e+03 3.865352e-13
2.354000e+03 3.861123e-13
2.355000e+03 3.856901e-13
2.356000e+03 3.852685e-13
2.357000e+03 3.848475e-13
2.358000e+03 3.844272e-13
2.359000e+03 3.840075e-13
2.360000e+03 3.835884e-13
2.361000e+03 3.831700e-13
2.362000e+03 3.827522e-13
2.363000e+03 3.823351e-13
2.364000e+03 3.819185e-13
2.365000e+03 3.815026e-13
2.366000e+03 3.810874e-13
2.367000e+03 3.806727e-13
2.368000e+03 3.802587e-13
2.369000e+03 3.798453e-13
2.370000e+03 3.794326e-13
2.371000e+03 3.790204e-13
2.372000e+03 3.786089e-13
2.373000e+03 3.781980e-13
2.374000e+03 3.777877e-13
2.375000e+03 3.773780e-13
2.376000e+03 3.769690e-13
2.377000e+03 3.765605e-13
2.378000e+03 3.761527e-13
2.379000e+03 3.757455e-13
2.380000e+03 3.753389e-13
2.381000e+03 3.749329e-13
2.382000e+03 3.745276e-13
2.383000e+03 3.741228e-13
2.384000e+03 3.737186e-13
2.385000e+03 3.733151e-13
2.386000e+03 3.729121e-13
2.387000e+03 3.725098e-13
2.388000e+03 3.721080e-13
2.389000e+03 3.717069e-13
2.390000e+03 3.713063e-13
2.391000e+03 3.709064e-13
2.392000e+03 3.705070e-13
2.393000e+03 3.701083e-13
2.394000e+03 3.697101e-13
2.395000e+03 3.693126e-13
2.396000e+03 3.689156e-13
2.397000e+03 3.685192e-13
2.398000e+03 3.681234e-13
2.399000e+03 3.677283e-13
2.400000e+03 3.673336e-13
2.401000e+03 3.669396e-13
2.402000e+03 3.665462e-13
2.403000e+03 3.661533e-13
2.404000e+03 3.657611e-13
2.405000e+03 3.653694e-13
2.406000e+03 3.649783e-13
2.407000e+03 3.645878e-13
2.408000e+03 3.641979e-13
2.409000e+03 3.638085e-13
2.410000e+03 3.634197e-13
2.411000e+03 3.630315e-13
2.412000e+03 3.626439e-13
2.413000e+03 3.622568e-13
2.414000e+03 3.618703e-13
2.415000e+03 3.614844e-13
2.416000e+03 3.610991e-13
2.417000e+03 3.607143e-13
2.418000e+03 3.603301e-13
2.419000e+03 3.599465e-13
2.420000e+03 3.595634e-13
2.421000e+03 3.591809e-13
2.422000e+03 3.587990e-13
2.423000e+03 3.584176e-13
2.424000e+03 3.580368e-13
2.425000e+03 3.576566e-13
2.426000e+03 3.572769e-13
2.427000e+03 3.568978e-13
2.428000e+03 3.565192e-13
2.429000e+03 3.561412e-13
2.430000e+03 3.557637e-13
2.431000e+03 3.553868e-13
2.432000e+03 3.550105e-13
2.433000e+03 3.546347e-13
2.434000e+03 3.542594e-13
2.435000e+03 3.538847e-13
2.436000e+03 3.535106e-13
2.437000e+03 3.531370e-13
2.438000e+03 3.527640e-13
2.439000e+03 3.523915e-13
2.440000e+03 3.520195e-13
2.441000e+03 3.516481e-13
2.442000e+03 3.512772e-13
2.443000e+03 3.509069e-13
2.444000e+03 3.505372e-13
2.445000e+03 3.501679e-13
2.446000e+03 3.497992e-13
2.447000e+03 3.494311e-13
2.448000e+03 3.490634e-13
2.449000e+03 3.486963e-13
2.450000e+03 3.483298e-13
2.451000e+03 3.479638e-13
2.452000e+03 3.475983e-13
2.453000e+03 3.472334e-13
2.454000e+03 3.468689e-13
2.455000e+03 3.465051e-13
2.456000e+03 3.461417e-13
2.457000e+03 3.457789e-13
2.458000e+03 3.454166e-13
2.459000e+03 3.450548e-13
2.460000e+03 3.446935e-13
2.461000e+03 3.443328e-13
2.462000e+03 3.439726e-13
2.463000e+03 3.436129e-13
2.464000e+03 3.432538e-13
2.465000e+03 3.428952e-13
2.466000e+03 3.425370e-13
2.467000e+03 3.421795e-13
2.468000e+03 3.418224e-13
2.469000e+03 3.414658e-13
2.470000e+03 3.411098e-13
2.471000e+03 3.407542e-13
2.472000e+03 3.403992e-13
2.473000e+03 3.400447e-13
2.474000e+03 3.396907e-13
2.475000e+03 3.393373e-13
2.476000e+03 3.389843e-13
2.477000e+03 3.386318e-13
2.478000e+03 3.382799e-13
2.479000e+03 3.379285e-13
2.480000e+03 3.375775e-13
2.481000e+03 3.372271e-13
2.482000e+03 3.368772e-13
2.483000e+03 3.365277e-13
2.484000e+03 3.361788e-13
2.485000e+03 3.358304e-13
2.486000e+03 3.354825e-13
2.487000e+03 3.351351e-13
2.488000e+03 3.347882e-13
2.489000e+03 3.344417e-13
2.490000e+03 3.340958e-13
2.491000e+03 3.337504e-13
2.492000e+03 3.334055e-13
2.493000e+03 3.330610e-13
2.494000e+03 3.327171e-13
2.495000e+03 3.323737e-13
2.496000e+03 3.320307e-13
2.497000e+03 3.316882e-13
2.498000e+03 3.313463e-13
2.499000e+03 3.310048e-13
2.500000e+03 3.306638e-13
2.501000e+03 3.303233e-13
2.502000e+03 3.299833e-13
2.503000e+03 3.296437e-13
2.504000e+03 3.293047e-13
2.505000e+03 3.289661e-13
2.506000e+03 3.286280e-13
2.507000e+03 3.282904e-13
2.508000e+03 3.279533e-13
2.509000e+03 3.276167e-13
2.510000e+03 3.272805e-13
2.511000e+03 3.269448e-13
2.512000e+03 3.266096e-13
2.513000e+03 3.262749e-13
2.514000e+03 3.259406e-13
2.515000e+03 3.256069e-13
2.516000e+03 3.252736e-13
2.517000e+03 3.249407e-13
2.518000e+03 3.246084e-13
2.519000e+03 3.242765e-13
2.520000e+03 3.239451e-13
2.521000e+03 3.236141e-13
2.522000e+03 3.232837e-13
2.523000e+03 3.229537e-13
2.524000e+03 3.226241e-13
2.525000e+03 3.222950e-13
2.526000e+03 3.219664e-13
2.527000e+03 3.216383e-13
2.528000e+03 3.213106e-13
2.529000e+03 3.209834e-13
2.530000e+03 3.206567e-13
2.531000e+03 3.203304e-13
2.532000e+03 3.200045e-13
2.533000e+03 3.196792e-13
2.534000e+03 3.193543e-13
2.535000e+03 3.190298e-13
2.536000e+03 3.187058e-13
2.537000e+03 3.183823e-13
2.538000e+03 3.180592e-13
2.539000e+03 3.177366e-13
2.540000e+03 3.174144e-13
2.541000e+03 3.170927e-13
2.542000e+03 3.167714e-13
2.543000e+03 3.164506e-13
2.544000e+03 3.161302e-13
2.545000e+03 3.158103e-13
2.546000e+03 3.154908e-13
2.547000e+03 3.151718e-13
2.548000e+03 3.148532e-13
2.549000e+03 3.145351e-13
2.550000e+03 3.142174e-13
2.551000e+03 3.139002e-13
2.552000e+03 3.135834e-13
2.553000e+03 3.132671e-13
2.554000e+03 3.129512e-13
2.555000e+03 3.126357e-13
2.556000e+03 3.123207e-13
2.557000e+03 3.120061e-13
2.558000e+03 3.116920e-13
2.559000e+03 3.113783e-13
2.560000e+03 3.110650e-13
2.561000e+03 3.107522e-13
2.562000e+03 3.104398e-13
2.563000e+03 3.101279e-13
2.564000e+03 3.098164e-13
2.565000e+03 3.095053e-13
2.566000e+03 3.091946e-13
2.567000e+03 3.088844e-13
2.568000e+03 3.085746e-13
2.569000e+03 3.082653e-13
2.570000e+03 3.079563e-13
2.571000e+03 3.076479e-13
2.572000e+03 3.073398e-13
2.573000e+03 3.070322e-13
2.574000e+03 3.067249e-13
2.575000e+03 3.064182e-13
2.576000e+03 3.061118e-13
2.577000e+03 3.058059e-13
2.578000e+03 3.055004e-13
2.579000e+03 3.051953e-13
2.580000e+03 3.048906e-13
2.581000e+03 3.045864e-13
2.582000e+03 3.042826e-13
2.583000e+03 3.039792e-13
2.584000e+03 3.036762e-13
2.585000e+03 3.033736e-13
2.586000e+03 3.030715e-13
2.587000e+03 3.027698e-13
2.588000e+03 3.024685e-13
2.589000e+03 3.021676e-13
2.590000e+03 3.018671e-13
2.591000e+03 3.015670e-13
2.592000e+03 3.012674e-13
2.593000e+03 3.009682e-13
2.594000e+03 3.006693e-13
2.595000e+03 3.003709e-13
2.596000e+03 3.000729e-13
2.597000e+03 2.997754e-13
2.598000e+03 2.994782e-13
2.599000e+03 2.991814e-13
2.600000e+03 2.988850e-13
