# ell C_ell
2.000000e+00 1.127813e-05
3.000000e+00 4.033286e-06
4.000000e+00 1.944496e-06
5.000000e+00 1.104174e-06
6.000000e+00 6.953910e-07
7.000000e+00 4.703792e-07
8.000000e+00 3.352566e-07
9.000000e+00 2.486863e-07
1.000000e+01 1.903745e-07
1.100000e+01 1.494979e-07
1.200000e+01 1.198954e-07
1.300000e+01 9.786901e-08
1.400000e+01 8.110079e-08
1.500000e+01 6.808311e-08
1.600000e+01 5.780435e-08
1.700000e+01 4.956708e-08
1.800000e+01 4.287902e-08
1.900000e+01 3.738542e-08
2.000000e+01 3.282588e-08
2.100000e+01 2.900608e-08
2.200000e+01 2.577887e-08
2.300000e+01 2.303131e-08
2.400000e+01 2.067568e-08
2.500000e+01 1.864306e-08
2.600000e+01 1.687878e-08
2.700000e+01 1.533905e-08
2.800000e+01 1.398849e-08
2.900000e+01 1.279831e-08
3.000000e+01 1.174488e-08
3.100000e+01 1.080869e-08
3.200000e+01 9.973523e-09
3.300000e+01 9.225820e-09
3.400000e+01 8.554175e-09
3.500000e+01 7.948951e-09
3.600000e+01 7.401956e-09
3.700000e+01 6.906201e-09
3.800000e+01 6.455695e-09
3.900000e+01 6.045278e-09
4.000000e+01 5.670491e-09
4.100000e+01 5.327468e-09
4.200000e+01 5.012839e-09
4.300000e+01 4.723664e-09
4.400000e+01 4.457363e-09
4.500000e+01 4.211671e-09
4.600000e+01 3.984589e-09
4.700000e+01 3.774350e-09
4.800000e+01 3.579387e-09
4.900000e+01 3.398308e-09
5.000000e+01 3.229872e-09
5.100000e+01 3.072971e-09
5.200000e+01 2.926615e-09
5.300000e+01 2.789912e-09
5.400000e+01 2.662062e-09
5.500000e+01 2.542347e-09
5.600000e+01 2.430114e-09
5.700000e+01 2.324776e-09
5.800000e+01 2.225801e-09
5.900000e+01 2.132705e-09
6.000000e+01 2.045049e-09
6.100000e+01 1.962432e-09
6.200000e+01 1.884490e-09
6.300000e+01 1.810891e-09
6.400000e+01 1.741328e-09
6.500000e+01 1.675524e-09
6.600000e+01 1.613223e-09
6.700000e+01 1.554189e-09
6.800000e+01 1.498206e-09
6.900000e+01 1.445076e-09
7.000000e+01 1.394616e-09
7.100000e+01 1.346655e-09
7.200000e+01 1.301037e-09
7.300000e+01 1.257618e-09
7.400000e+01 1.216265e-09
7.500000e+01 1.176852e-09
7.600000e+01 1.139265e-09
7.700000e+01 1.103396e-09
7.800000e+01 1.069147e-09
7.900000e+01 1.036424e-09
8.000000e+01 1.005141e-09
8.100000e+01 9.752188e-10
8.200000e+01 9.465812e-10
8.300000e+01 9.191585e-10
8.400000e+01 8.928853e-10
8.500000e+01 8.677003e-10
8.600000e+01 8.435461e-10
8.700000e+01 8.203692e-10
8.800000e+01 7.981190e-10
8.900000e+01 7.767484e-10
9.000000e+01 7.562131e-10
9.100000e+01 7.364712e-10
9.200000e+01 7.174837e-10
9.300000e+01 6.992136e-10
9.400000e+01 6.816264e-10
9.500000e+01 6.646891e-10
9.600000e+01 6.483712e-10
9.700000e+01 6.326433e-10
9.800000e+01 6.174782e-10
9.900000e+01 6.028500e-10
1.000000e+02 5.887340e-10
1.010000e+02 5.751073e-10
1.020000e+02 5.619479e-10
1.030000e+02 5.492351e-10
1.040000e+02 5.369492e-10
1.050000e+02 5.250717e-10
1.060000e+02 5.135850e-10
1.070000e+02 5.024724e-10
1.080000e+02 4.917180e-10
1.090000e+02 4.813068e-10
1.100000e+02 4.712244e-10
1.110000e+02 4.614574e-10
1.120000e+02 4.519928e-10
1.130000e+02 4.428183e-10
1.140000e+02 4.339224e-10
1.150000e+02 4.252938e-10
1.160000e+02 4.169220e-10
1.170000e+02 4.087969e-10
1.180000e+02 4.009089e-10
1.190000e+02 3.932490e-10
1.200000e+02 3.858082e-10
1.210000e+02 3.785784e-10
1.220000e+02 3.715516e-10
1.230000e+02 3.647202e-10
1.240000e+02 3.580770e-10
1.250000e+02 3.516150e-10
1.260000e+02 3.453276e-10
1.270000e+02 3.392086e-10
1.280000e+02 3.332518e-10
1.290000e+02 3.274515e-10
1.300000e+02 3.218022e-10
1.310000e+02 3.162985e-10
1.320000e+02 3.109354e-10
1.330000e+02 3.057081e-10
1.340000e+02 3.006118e-10
1.350000e+02 2.956422e-10
1.360000e+02 2.907949e-10
1.370000e+02 2.860658e-10
1.380000e+02 2.814511e-10
1.390000e+02 2.769469e-10
1.400000e+02 2.725496e-10
1.410000e+02 2.682558e-10
1.420000e+02 2.640621e-10
1.430000e+02 2.599652e-10
1.440000e+02 2.559622e-10
1.450000e+02 2.520501e-10
1.460000e+02 2.482259e-10
1.470000e+02 2.444871e-10
1.480000e+02 2.408309e-10
1.490000e+02 2.372548e-10
1.500000e+02 2.337563e-10
1.510000e+02 2.303333e-10
1.520000e+02 2.269833e-10
1.530000e+02 2.237042e-10
1.540000e+02 2.204939e-10
1.550000e+02 2.173504e-10
1.560000e+02 2.142718e-10
1.570000e+02 2.112562e-10
1.580000e+02 2.083017e-10
1.590000e+02 2.054067e-10
1.600000e+02 2.025695e-10
1.610000e+02 1.997884e-10
1.620000e+02 1.970619e-10
1.630000e+02 1.943885e-10
1.640000e+02 1.917667e-10
1.650000e+02 1.891952e-10
1.660000e+02 1.866725e-10
1.670000e+02 1.841973e-10
1.680000e+02 1.817685e-10
1.690000e+02 1.793847e-10
1.700000e+02 1.770448e-10
1.710000e+02 1.747477e-10
1.720000e+02 1.724923e-10
1.730000e+02 1.702774e-10
1.740000e+02 1.681020e-10
1.750000e+02 1.659652e-10
1.760000e+02 1.638660e-10
1.770000e+02 1.618035e-10
1.780000e+02 1.597767e-10
1.790000e+02 1.577848e-10
1.800000e+02 1.558269e-10
1.810000e+02 1.539022e-10
1.820000e+02 1.520100e-10
1.830000e+02 1.501494e-10
1.840000e+02 1.483196e-10
1.850000e+02 1.465201e-10
1.860000e+02 1.447500e-10
1.870000e+02 1.430088e-10
1.880000e+02 1.412956e-10
1.890000e+02 1.396100e-10
1.900000e+02 1.379512e-10
1.910000e+02 1.363187e-10
1.920000e+02 1.347119e-10
1.930000e+02 1.331303e-10
1.940000e+02 1.315732e-10
1.950000e+02 1.300402e-10
1.960000e+02 1.285306e-10
1.970000e+02 1.270442e-10
1.980000e+02 1.255802e-10
1.990000e+02 1.241383e-10
2.000000e+02 1.227181e-10
2.010000e+02 1.213189e-10
2.020000e+02 1.199405e-10
2.030000e+02 1.185824e-10
2.040000e+02 1.172442e-10
2.050000e+02 1.159254e-10
2.060000e+02 1.146257e-10
2.070000e+02 1.133448e-10
2.080000e+02 1.120822e-10
2.090000e+02 1.108376e-10
2.100000e+02 1.096106e-10
2.110000e+02 1.084009e-10
2.120000e+02 1.072082e-10
2.130000e+02 1.060321e-10
2.140000e+02 1.048724e-10
2.150000e+02 1.037286e-10
2.160000e+02 1.026007e-10
2.170000e+02 1.014881e-10
2.180000e+02 1.003907e-10
2.190000e+02 9.930816e-11
2.200000e+02 9.824024e-11
2.210000e+02 9.718666e-11
2.220000e+02 9.614717e-11
2.230000e+02 9.512152e-11
2.240000e+02 9.410947e-11
2.250000e+02 9.311078e-11
2.260000e+02 9.212522e-11
2.270000e+02 9.115256e-11
2.280000e+02 9.019257e-11
2.290000e+02 8.924505e-11
2.300000e+02 8.830979e-11
2.310000e+02 8.738657e-11
2.320000e+02 8.647521e-11
2.330000e+02 8.557549e-11
2.340000e+02 8.468723e-11
2.350000e+02 8.381024e-11
2.360000e+02 8.294435e-11
2.370000e+02 8.208936e-11
2.380000e+02 8.124510e-11
2.390000e+02 8.041141e-11
2.400000e+02 7.958811e-11
2.410000e+02 7.877504e-11
2.420000e+02 7.797205e-11
2.430000e+02 7.717897e-11
2.440000e+02 7.639565e-11
2.450000e+02 7.562193e-11
2.460000e+02 7.485768e-11
2.470000e+02 7.410275e-11
2.480000e+02 7.335700e-11
2.490000e+02 7.262029e-11
2.500000e+02 7.189248e-11
2.510000e+02 7.117344e-11
2.520000e+02 7.046304e-11
2.530000e+02 6.976116e-11
2.540000e+02 6.906767e-11
2.550000e+02 6.838244e-11
2.560000e+02 6.770536e-11
2.570000e+02 6.703631e-11
2.580000e+02 6.637517e-11
2.590000e+02 6.572183e-11
2.600000e+02 6.507618e-11
2.610000e+02 6.443812e-11
2.620000e+02 6.380753e-11
2.630000e+02 6.318430e-11
2.640000e+02 6.256835e-11
2.650000e+02 6.195955e-11
2.660000e+02 6.135783e-11
2.670000e+02 6.076307e-11
2.680000e+02 6.017519e-11
2.690000e+02 5.959408e-11
2.700000e+02 5.901967e-11
2.710000e+02 5.845185e-11
2.720000e+02 5.789054e-11
2.730000e+02 5.733564e-11
2.740000e+02 5.678709e-11
2.750000e+02 5.624478e-11
2.760000e+02 5.570864e-11
2.770000e+02 5.517859e-11
2.780000e+02 5.465454e-11
2.790000e+02 5.413641e-11
2.800000e+02 5.362414e-11
2.810000e+02 5.311764e-11
2.820000e+02 5.261684e-11
2.830000e+02 5.212166e-11
2.840000e+02 5.163203e-11
2.850000e+02 5.114789e-11
2.860000e+02 5.066915e-11
2.870000e+02 5.019575e-11
2.880000e+02 4.972763e-11
2.890000e+02 4.926472e-11
2.900000e+02 4.880694e-11
2.910000e+02 4.835424e-11
2.920000e+02 4.790655e-11
2.930000e+02 4.746381e-11
2.940000e+02 4.702596e-11
2.950000e+02 4.659293e-11
2.960000e+02 4.616467e-11
2.970000e+02 4.574111e-11
2.980000e+02 4.532221e-11
2.990000e+02 4.490789e-11
3.000000e+02 4.449811e-11
3.010000e+02 4.409281e-11
3.020000e+02 4.369194e-11
3.030000e+02 4.329543e-11
3.040000e+02 4.290324e-11
3.050000e+02 4.251532e-11
3.060000e+02 4.213160e-11
3.070000e+02 4.175205e-11
3.080000e+02 4.137661e-11
3.090000e+02 4.100524e-11
3.100000e+02 4.063787e-11
3.110000e+02 4.027447e-11
3.120000e+02 3.991499e-11
3.130000e+02 3.955938e-11
3.140000e+02 3.920759e-11
3.150000e+02 3.885958e-11
3.160000e+02 3.851531e-11
3.170000e+02 3.817472e-11
3.180000e+02 3.783779e-11
3.190000e+02 3.750445e-11
3.200000e+02 3.717467e-11
3.210000e+02 3.684842e-11
3.220000e+02 3.652563e-11
3.230000e+02 3.620629e-11
3.240000e+02 3.589034e-11
3.250000e+02 3.557775e-11
3.260000e+02 3.526847e-11
3.270000e+02 3.496247e-11
3.280000e+02 3.465971e-11
3.290000e+02 3.436016e-11
3.300000e+02 3.406376e-11
3.310000e+02 3.377050e-11
3.320000e+02 3.348033e-11
3.330000e+02 3.319321e-11
3.340000e+02 3.290912e-11
3.350000e+02 3.262800e-11
3.360000e+02 3.234985e-11
3.370000e+02 3.207460e-11
3.380000e+02 3.180225e-11
3.390000e+02 3.153274e-11
3.400000e+02 3.126605e-11
3.410000e+02 3.100214e-11
3.420000e+02 3.074099e-11
3.430000e+02 3.048256e-11
3.440000e+02 3.022683e-11
3.450000e+02 2.997375e-11
3.460000e+02 2.972330e-11
3.470000e+02 2.947545e-11
3.480000e+02 2.923017e-11
3.490000e+02 2.898744e-11
3.500000e+02 2.874721e-11
3.510000e+02 2.850947e-11
3.520000e+02 2.827418e-11
3.530000e+02 2.804132e-11
3.540000e+02 2.781086e-11
3.550000e+02 2.758277e-11
3.560000e+02 2.735703e-11
3.570000e+02 2.713361e-11
3.580000e+02 2.691248e-11
3.590000e+02 2.669362e-11
3.600000e+02 2.647700e-11
3.610000e+02 2.626260e-11
3.620000e+02 2.605038e-11
3.630000e+02 2.584034e-11
3.640000e+02 2.563244e-11
3.650000e+02 2.542665e-11
3.660000e+02 2.522296e-11
3.670000e+02 2.502134e-11
3.680000e+02 2.482177e-11
3.690000e+02 2.462422e-11
3.700000e+02 2.442868e-11
3.710000e+02 2.423511e-11
3.720000e+02 2.404351e-11
3.730000e+02 2.385383e-11
3.740000e+02 2.366608e-11
3.750000e+02 2.348021e-11
3.760000e+02 2.329622e-11
3.770000e+02 2.311407e-11
3.780000e+02 2.293376e-11
3.790000e+02 2.275526e-11
3.800000e+02 2.257854e-11
3.810000e+02 2.240360e-11
3.820000e+02 2.223040e-11
3.830000e+02 2.205894e-11
3.840000e+02 2.188919e-11
3.850000e+02 2.172112e-11
3.860000e+02 2.155474e-11
3.870000e+02 2.139000e-11
3.880000e+02 2.122691e-11
3.890000e+02 2.106543e-11
3.900000e+02 2.090555e-11
3.910000e+02 2.074726e-11
3.920000e+02 2.059053e-11
3.930000e+02 2.043534e-11
3.940000e+02 2.028169e-11
3.950000e+02 2.012955e-11
3.960000e+02 1.997891e-11
3.970000e+02 1.982975e-11
3.980000e+02 1.968206e-11
3.990000e+02 1.953581e-11
4.000000e+02 1.939099e-11
4.010000e+02 1.924759e-11
4.020000e+02 1.910559e-11
4.030000e+02 1.896498e-11
4.040000e+02 1.882573e-11
4.050000e+02 1.868785e-11
4.060000e+02 1.855130e-11
4.070000e+02 1.841607e-11
4.080000e+02 1.828216e-11
4.090000e+02 1.814954e-11
4.100000e+02 1.801821e-11
4.110000e+02 1.788814e-11
4.120000e+02 1.775933e-11
4.130000e+02 1.763176e-11
4.140000e+02 1.750542e-11
4.150000e+02 1.738028e-11
4.160000e+02 1.725635e-11
4.170000e+02 1.713361e-11
4.180000e+02 1.701204e-11
4.190000e+02 1.689163e-11
4.200000e+02 1.677237e-11
4.210000e+02 1.665425e-11
4.220000e+02 1.653725e-11
4.230000e+02 1.642136e-11
4.240000e+02 1.630657e-11
4.250000e+02 1.619287e-11
4.260000e+02 1.608024e-11
4.270000e+02 1.596868e-11
4.280000e+02 1.585817e-11
4.290000e+02 1.574870e-11
4.300000e+02 1.564025e-11
4.310000e+02 1.553283e-11
4.320000e+02 1.542642e-11
4.330000e+02 1.532100e-11
4.340000e+02 1.521657e-11
4.350000e+02 1.511311e-11
4.360000e+02 1.501061e-11
4.370000e+02 1.490907e-11
4.380000e+02 1.480848e-11
4.390000e+02 1.470881e-11
4.400000e+02 1.461007e-11
4.410000e+02 1.451225e-11
4.420000e+02 1.441533e-11
4.430000e+02 1.431930e-11
4.440000e+02 1.422415e-11
4.450000e+02 1.412988e-11
4.460000e+02 1.403647e-11
4.470000e+02 1.394393e-11
4.480000e+02 1.385222e-11
4.490000e+02 1.376136e-11
4.500000e+02 1.367132e-11
4.510000e+02 1.358210e-11
4.520000e+02 1.349370e-11
4.530000e+02 1.340609e-11
4.540000e+02 1.331928e-11
4.550000e+02 1.323326e-11
4.560000e+02 1.314801e-11
4.570000e+02 1.306353e-11
4.580000e+02 1.297981e-11
4.590000e+02 1.289684e-11
4.600000e+02 1.281462e-11
4.610000e+02 1.273313e-11
4.620000e+02 1.265237e-11
4.630000e+02 1.257234e-11
4.640000e+02 1.249301e-11
4.650000e+02 1.241439e-11
4.660000e+02 1.233647e-11
4.670000e+02 1.225924e-11
4.680000e+02 1.218269e-11
4.690000e+02 1.210682e-11
4.700000e+02 1.203161e-11
4.710000e+02 1.195707e-11
4.720000e+02 1.188318e-11
4.730000e+02 1.180994e-11
4.740000e+02 1.173735e-11
4.750000e+02 1.166538e-11
4.760000e+02 1.159404e-11
4.770000e+02 1.152333e-11
4.780000e+02 1.145323e-11
4.790000e+02 1.138373e-11
4.800000e+02 1.131484e-11
4.810000e+02 1.124655e-11
4.820000e+02 1.117884e-11
4.830000e+02 1.111171e-11
4.840000e+02 1.104516e-11
4.850000e+02 1.097919e-11
4.860000e+02 1.091377e-11
4.870000e+02 1.084892e-11
4.880000e+02 1.078462e-11
4.890000e+02 1.072087e-11
4.900000e+02 1.065765e-11
4.910000e+02 1.059498e-11
4.920000e+02 1.053283e-11
4.930000e+02 1.047121e-11
4.940000e+02 1.041011e-11
4.950000e+02 1.034952e-11
4.960000e+02 1.028944e-11
4.970000e+02 1.022987e-11
4.980000e+02 1.017079e-11
4.990000e+02 1.011221e-11
5.000000e+02 1.005411e-11
5.010000e+02 9.996501e-12
5.020000e+02 9.939366e-12
5.030000e+02 9.882705e-12
5.040000e+02 9.826512e-12
5.050000e+02 9.770783e-12
5.060000e+02 9.715512e-12
5.070000e+02 9.660695e-12
5.080000e+02 9.606328e-12
5.090000e+02 9.552406e-12
5.100000e+02 9.498923e-12
5.110000e+02 9.445877e-12
5.120000e+02 9.393262e-12
5.130000e+02 9.341074e-12
5.140000e+02 9.289309e-12
5.150000e+02 9.237962e-12
5.160000e+02 9.187029e-12
5.170000e+02 9.136506e-12
5.180000e+02 9.086389e-12
5.190000e+02 9.036674e-12
5.200000e+02 8.987356e-12
5.210000e+02 8.938432e-12
5.220000e+02 8.889898e-12
5.230000e+02 8.841750e-12
5.240000e+02 8.793983e-12
5.250000e+02 8.746594e-12
5.260000e+02 8.699580e-12
5.270000e+02 8.652936e-12
5.280000e+02 8.606660e-12
5.290000e+02 8.560746e-12
5.300000e+02 8.515192e-12
5.310000e+02 8.469994e-12
5.320000e+02 8.425148e-12
5.330000e+02 8.380651e-12
5.340000e+02 8.336500e-12
5.350000e+02 8.292691e-12
5.360000e+02 8.249221e-12
5.370000e+02 8.206086e-12
5.380000e+02 8.163283e-12
5.390000e+02 8.120809e-12
5.400000e+02 8.078660e-12
5.410000e+02 8.036834e-12
5.420000e+02 7.995327e-12
5.430000e+02 7.954136e-12
5.440000e+02 7.913257e-12
5.450000e+02 7.872689e-12
5.460000e+02 7.832428e-12
5.470000e+02 7.792471e-12
5.480000e+02 7.752814e-12
5.490000e+02 7.713456e-12
5.500000e+02 7.674393e-12
5.510000e+02 7.635622e-12
5.520000e+02 7.597140e-12
5.530000e+02 7.558946e-12
5.540000e+02 7.521035e-12
5.550000e+02 7.483405e-12
5.560000e+02 7.446054e-12
5.570000e+02 7.408978e-12
5.580000e+02 7.372176e-12
5.590000e+02 7.335644e-12
5.600000e+02 7.299380e-12
5.610000e+02 7.263381e-12
5.620000e+02 7.227646e-12
5.630000e+02 7.192170e-12
5.640000e+02 7.156953e-12
5.650000e+02 7.121991e-12
5.660000e+02 7.087282e-12
5.670000e+02 7.052824e-12
5.680000e+02 7.018614e-12
5.690000e+02 6.984649e-12
5.700000e+02 6.950929e-12
5.710000e+02 6.917449e-12
5.720000e+02 6.884209e-12
5.730000e+02 6.851206e-12
5.740000e+02 6.818437e-12
5.750000e+02 6.785900e-12
5.760000e+02 6.753594e-12
5.770000e+02 6.721516e-12
5.780000e+02 6.689664e-12
5.790000e+02 6.658035e-12
5.800000e+02 6.626629e-12
5.810000e+02 6.595442e-12
5.820000e+02 6.564473e-12
5.830000e+02 6.533720e-12
5.840000e+02 6.503180e-12
5.850000e+02 6.472852e-12
5.860000e+02 6.442734e-12
5.870000e+02 6.412824e-12
5.880000e+02 6.383120e-12
5.890000e+02 6.353620e-12
5.900000e+02 6.324322e-12
5.910000e+02 6.295225e-12
5.920000e+02 6.266326e-12
5.930000e+02 6.237624e-12
5.940000e+02 6.209117e-12
5.950000e+02 6.180803e-12
5.960000e+02 6.152681e-12
5.970000e+02 6.124749e-12
5.980000e+02 6.097004e-12
5.990000e+02 6.069447e-12
6.000000e+02 6.042073e-12
6.010000e+02 6.014883e-12
6.020000e+02 5.987875e-12
6.030000e+02 5.961046e-12
6.040000e+02 5.934395e-12
6.050000e+02 5.907921e-12
6.060000e+02 5.881622e-12
6.070000e+02 5.855497e-12
6.080000e+02 5.829543e-12
6.090000e+02 5.803761e-12
6.100000e+02 5.778147e-12
6.110000e+02 5.752700e-12
6.120000e+02 5.727420e-12
6.130000e+02 5.702304e-12
6.140000e+02 5.677351e-12
6.150000e+02 5.652560e-12
6.160000e+02 5.627930e-12
6.170000e+02 5.603458e-12
6.180000e+02 5.579144e-12
6.190000e+02 5.554986e-12
6.200000e+02 5.530983e-12
6.210000e+02 5.507133e-12
6.220000e+02 5.483436e-12
6.230000e+02 5.459889e-12
6.240000e+02 5.436492e-12
6.250000e+02 5.413243e-12
6.260000e+02 5.390142e-12
6.270000e+02 5.367186e-12
6.280000e+02 5.344374e-12
6.290000e+02 5.321706e-12
6.300000e+02 5.299180e-12
6.310000e+02 5.276795e-12
6.320000e+02 5.254550e-12
6.330000e+02 5.232443e-12
6.340000e+02 5.210473e-12
6.350000e+02 5.188640e-12
6.360000e+02 5.166942e-12
6.370000e+02 5.145378e-12
6.380000e+02 5.123946e-12
6.390000e+02 5.102646e-12
6.400000e+02 5.081477e-12
6.410000e+02 5.060437e-12
6.420000e+02 5.039526e-12
6.430000e+02 5.018743e-12
6.440000e+02 4.998085e-12
6.450000e+02 4.977553e-12
6.460000e+02 4.957145e-12
6.470000e+02 4.936861e-12
6.480000e+02 4.916698e-12
6.490000e+02 4.896657e-12
6.500000e+02 4.876736e-12
6.510000e+02 4.856935e-12
6.520000e+02 4.837252e-12
6.530000e+02 4.817686e-12
6.540000e+02 4.798236e-12
6.550000e+02 4.778902e-12
6.560000e+02 4.759683e-12
6.570000e+02 4.740577e-12
6.580000e+02 4.721584e-12
6.590000e+02 4.702703e-12
6.600000e+02 4.683932e-12
6.610000e+02 4.665272e-12
6.620000e+02 4.646721e-12
6.630000e+02 4.628278e-12
6.640000e+02 4.609942e-12
6.650000e+02 4.591713e-12
6.660000e+02 4.573590e-12
6.670000e+02 4.555572e-12
6.680000e+02 4.537657e-12
6.690000e+02 4.519846e-12
6.700000e+02 4.502138e-12
6.710000e+02 4.484531e-12
6.720000e+02 4.467025e-12
6.730000e+02 4.449619e-12
6.740000e+02 4.432312e-12
6.750000e+02 4.415104e-12
6.760000e+02 4.397994e-12
6.770000e+02 4.380980e-12
6.780000e+02 4.364063e-12
6.790000e+02 4.347241e-12
6.800000e+02 4.330514e-12
6.810000e+02 4.313882e-12
6.820000e+02 4.297342e-12
6.830000e+02 4.280895e-12
6.840000e+02 4.264540e-12
6.850000e+02 4.248276e-12
6.860000e+02 4.232103e-12
6.870000e+02 4.216020e-12
6.880000e+02 4.200026e-12
6.890000e+02 4.184120e-12
6.900000e+02 4.168302e-12
6.910000e+02 4.152571e-12
6.920000e+02 4.136927e-12
6.930000e+02 4.121368e-12
6.940000e+02 4.105895e-12
6.950000e+02 4.090507e-12
6.960000e+02 4.075202e-12
6.970000e+02 4.059981e-12
6.980000e+02 4.044842e-12
6.990000e+02 4.029786e-12
7.000000e+02 4.014811e-12
7.010000e+02 3.999917e-12
7.020000e+02 3.985103e-12
7.030000e+02 3.970369e-12
7.040000e+02 3.955714e-12
7.050000e+02 3.941138e-12
7.060000e+02 3.926639e-12
7.070000e+02 3.912219e-12
7.080000e+02 3.897874e-12
7.090000e+02 3.883607e-12
7.100000e+02 3.869415e-12
7.110000e+02 3.855298e-12
7.120000e+02 3.841256e-12
7.130000e+02 3.827288e-12
7.140000e+02 3.813393e-12
7.150000e+02 3.799572e-12
7.160000e+02 3.785823e-12
7.170000e+02 3.772146e-12
7.180000e+02 3.758541e-12
7.190000e+02 3.745007e-12
7.200000e+02 3.731543e-12
7.210000e+02 3.718149e-12
7.220000e+02 3.704825e-12
7.230000e+02 3.691570e-12
7.240000e+02 3.678383e-12
7.250000e+02 3.665265e-12
7.260000e+02 3.652214e-12
7.270000e+02 3.639230e-12
7.280000e+02 3.626312e-12
7.290000e+02 3.613461e-12
7.300000e+02 3.600676e-12
7.310000e+02 3.587956e-12
7.320000e+02 3.575301e-12
7.330000e+02 3.562710e-12
7.340000e+02 3.550183e-12
7.350000e+02 3.537719e-12
7.360000e+02 3.525319e-12
7.370000e+02 3.512981e-12
7.380000e+02 3.500705e-12
7.390000e+02 3.488491e-12
7.400000e+02 3.476339e-12
7.410000e+02 3.464247e-12
7.420000e+02 3.452216e-12
7.430000e+02 3.440245e-12
7.440000e+02 3.428334e-12
7.450000e+02 3.416482e-12
7.460000e+02 3.404688e-12
7.470000e+02 3.392954e-12
7.480000e+02 3.381277e-12
7.490000e+02 3.369659e-12
7.500000e+02 3.358097e-12
7.510000e+02 3.346593e-12
7.520000e+02 3.335145e-12
7.530000e+02 3.323753e-12
7.540000e+02 3.312417e-12
7.550000e+02 3.301137e-12
7.560000e+02 3.289911e-12
7.570000e+02 3.278741e-12
7.580000e+02 3.267624e-12
7.590000e+02 3.256562e-12
7.600000e+02 3.245554e-12
7.610000e+02 3.234598e-12
7.620000e+02 3.223696e-12
7.630000e+02 3.212846e-12
7.640000e+02 3.202049e-12
7.650000e+02 3.191303e-12
7.660000e+02 3.180610e-12
7.670000e+02 3.169967e-12
7.680000e+02 3.159375e-12
7.690000e+02 3.148834e-12
7.700000e+02 3.138343e-12
7.710000e+02 3.127903e-12
7.720000e+02 3.117511e-12
7.730000e+02 3.107170e-12
7.740000e+02 3.096877e-12
7.750000e+02 3.086633e-12
7.760000e+02 3.076437e-12
7.770000e+02 3.066289e-12
7.780000e+02 3.056189e-12
7.790000e+02 3.046137e-12
7.800000e+02 3.036131e-12
7.810000e+02 3.026173e-12
7.820000e+02 3.016261e-12
7.830000e+02 3.006396e-12
7.840000e+02 2.996576e-12
7.850000e+02 2.986802e-12
7.860000e+02 2.977074e-12
7.870000e+02 2.967391e-12
7.880000e+02 2.957752e-12
7.890000e+02 2.948159e-12
7.900000e+02 2.938609e-12
7.910000e+02 2.929104e-12
7.920000e+02 2.919642e-12
7.930000e+02 2.910224e-12
7.940000e+02 2.900849e-12
7.950000e+02 2.891517e-12
7.960000e+02 2.882228e-12
7.970000e+02 2.872981e-12
7.980000e+02 2.863776e-12
7.990000e+02 2.854613e-12
8.000000e+02 2.845492e-12
8.010000e+02 2.836413e-12
8.020000e+02 2.827374e-12
8.030000e+02 2.818377e-12
8.040000e+02 2.809420e-12
8.050000e+02 2.800503e-12
8.060000e+02 2.791627e-12
8.070000e+02 2.782790e-12
8.080000e+02 2.773994e-12
8.090000e+02 2.765237e-12
8.100000e+02 2.756519e-12
8.110000e+02 2.747840e-12
8.120000e+02 2.739199e-12
8.130000e+02 2.730598e-12
8.140000e+02 2.722034e-12
8.150000e+02 2.713509e-12
8.160000e+02 2.705021e-12
8.170000e+02 2.696572e-12
8.180000e+02 2.688159e-12
8.190000e+02 2.679784e-12
8.200000e+02 2.671445e-12
8.210000e+02 2.663144e-12
8.220000e+02 2.654879e-12
8.230000e+02 2.646650e-12
8.240000e+02 2.638457e-12
8.250000e+02 2.630301e-12
8.260000e+02 2.622180e-12
8.270000e+02 2.614094e-12
8.280000e+02 2.606044e-12
8.290000e+02 2.598029e-12
8.300000e+02 2.590048e-12
8.310000e+02 2.582103e-12
8.320000e+02 2.574191e-12
8.330000e+02 2.566315e-12
8.340000e+02 2.558472e-12
8.350000e+02 2.550663e-12
8.360000e+02 2.542887e-12
8.370000e+02 2.535146e-12
8.380000e+02 2.527437e-12
8.390000e+02 2.519762e-12
8.400000e+02 2.512119e-12
8.410000e+02 2.504509e-12
8.420000e+02 2.496932e-12
8.430000e+02 2.489387e-12
8.440000e+02 2.481875e-12
8.450000e+02 2.474394e-12
8.460000e+02 2.466945e-12
8.470000e+02 2.459528e-12
8.480000e+02 2.452142e-12
8.490000e+02 2.444788e-12
8.500000e+02 2.437465e-12
8.510000e+02 2.430172e-12
8.520000e+02 2.422911e-12
8.530000e+02 2.415680e-12
8.540000e+02 2.408479e-12
8.550000e+02 2.401309e-12
8.560000e+02 2.394168e-12
8.570000e+02 2.387058e-12
8.580000e+02 2.379978e-12
8.590000e+02 2.372927e-12
8.600000e+02 2.365905e-12
8.610000e+02 2.358913e-12
8.620000e+02 2.351950e-12
8.630000e+02 2.345016e-12
8.640000e+02 2.338110e-12
8.650000e+02 2.331233e-12
8.660000e+02 2.324385e-12
8.670000e+02 2.317565e-12
8.680000e+02 2.310773e-12
8.690000e+02 2.304009e-12
8.700000e+02 2.297274e-12
8.710000e+02 2.290565e-12
8.720000e+02 2.283885e-12
8.730000e+02 2.277231e-12
8.740000e+02 2.270605e-12
8.750000e+02 2.264007e-12
8.760000e+02 2.257435e-12
8.770000e+02 2.250890e-12
8.780000e+02 2.244371e-12
8.790000e+02 2.237879e-12
8.800000e+02 2.231414e-12
8.810000e+02 2.224975e-12
8.820000e+02 2.218562e-12
8.830000e+02 2.212175e-12
8.840000e+02 2.205814e-12
8.850000e+02 2.199478e-12
8.860000e+02 2.193168e-12
8.870000e+02 2.186884e-12
8.880000e+02 2.180624e-12
8.890000e+02 2.174390e-12
8.900000e+02 2.168181e-12
8.910000e+02 2.161997e-12
8.920000e+02 2.155838e-12
8.930000e+02 2.149703e-12
8.940000e+02 2.143593e-12
8.950000e+02 2.137507e-12
8.960000e+02 2.131446e-12
8.970000e+02 2.125408e-12
8.980000e+02 2.119395e-12
8.990000e+02 2.113405e-12
9.000000e+02 2.107440e-12
9.010000e+02 2.101498e-12
9.020000e+02 2.095579e-12
9.030000e+02 2.089684e-12
9.040000e+02 2.083812e-12
9.050000e+02 2.077963e-12
9.060000e+02 2.072137e-12
9.070000e+02 2.066334e-12
9.080000e+02 2.060554e-12
9.090000e+02 2.054797e-12
9.100000e+02 2.049062e-12
9.110000e+02 2.043350e-12
9.120000e+02 2.037660e-12
9.130000e+02 2.031992e-12
9.140000e+02 2.026346e-12
9.150000e+02 2.020722e-12
9.160000e+02 2.015120e-12
9.170000e+02 2.009540e-12
9.180000e+02 2.003982e-12
9.190000e+02 1.998445e-12
9.200000e+02 1.992929e-12
9.210000e+02 1.987435e-12
9.220000e+02 1.981962e-12
9.230000e+02 1.976511e-12
9.240000e+02 1.971080e-12
9.250000e+02 1.965670e-12
9.260000e+02 1.960281e-12
9.270000e+02 1.954912e-12
9.280000e+02 1.949565e-12
9.290000e+02 1.944237e-12
9.300000e+02 1.938930e-12
9.310000e+02 1.933644e-12
9.320000e+02 1.928377e-12
9.330000e+02 1.923131e-12
9.340000e+02 1.917905e-12
9.350000e+02 1.912698e-12
9.360000e+02 1.907512e-12
9.370000e+02 1.902345e-12
9.380000e+02 1.897197e-12
9.390000e+02 1.892069e-12
9.400000e+02 1.886961e-12
9.410000e+02 1.881872e-12
9.420000e+02 1.876802e-12
9.430000e+02 1.871751e-12
9.440000e+02 1.866719e-12
9.450000e+02 1.861706e-12
9.460000e+02 1.856712e-12
9.470000e+02 1.851737e-12
9.480000e+02 1.846780e-12
9.490000e+02 1.841842e-12
9.500000e+02 1.836922e-12
9.510000e+02 1.832021e-12
9.520000e+02 1.827138e-12
9.530000e+02 1.822273e-12
9.540000e+02 1.817426e-12
9.550000e+02 1.812598e-12
9.560000e+02 1.807787e-12
9.570000e+02 1.802994e-12
9.580000e+02 1.798219e-12
9.590000e+02 1.793462e-12
9.600000e+02 1.788722e-12
9.610000e+02 1.784000e-12
9.620000e+02 1.779295e-12
9.630000e+02 1.774608e-12
9.640000e+02 1.769938e-12
9.650000e+02 1.765285e-12
9.660000e+02 1.760649e-12
9.670000e+02 1.756030e-12
9.680000e+02 1.751428e-12
9.690000e+02 1.746843e-12
9.700000e+02 1.742274e-12
9.710000e+02 1.737723e-12
9.720000e+02 1.733188e-12
9.730000e+02 1.728669e-12
9.740000e+02 1.724167e-12
9.750000e+02 1.719682e-12
9.760000e+02 1.715212e-12
9.770000e+02 1.710759e-12
9.780000e+02 1.706322e-12
9.790000e+02 1.701902e-12
9.800000e+02 1.697497e-12
9.810000e+02 1.693108e-12
9.820000e+02 1.688735e-12
9.830000e+02 1.684378e-12
9.840000e+02 1.680036e-12
9.850000e+02 1.675710e-12
9.860000e+02 1.671400e-12
9.870000e+02 1.667105e-12
9.880000e+02 1.662825e-12
9.890000e+02 1.658561e-12
9.900000e+02 1.654313e-12
9.910000e+02 1.650079e-12
9.920000e+02 1.645860e-12
9.930000e+02 1.641657e-12
9.940000e+02 1.637468e-12
9.950000e+02 1.633295e-12
9.960000e+02 1.629136e-12
9.970000e+02 1.624992e-12
9.980000e+02 1.620863e-12
9.990000e+02 1.616749e-12
1.000000e+03 1.612649e-12
1.001000e+03 1.608563e-12
1.002000e+03 1.604493e-12
1.003000e+03 1.600436e-12
1.004000e+03 1.596394e-12
1.005000e+03 1.592366e-12
1.006000e+03 1.588352e-12
1.007000e+03 1.584352e-12
1.008000e+03 1.580367e-12
1.009000e+03 1.576395e-12
1.010000e+03 1.572437e-12
1.011000e+03 1.568494e-12
1.012000e+03 1.564563e-12
1.013000e+03 1.560647e-12
1.014000e+03 1.556745e-12
1.015000e+03 1.552856e-12
1.016000e+03 1.548980e-12
1.017000e+03 1.545118e-12
1.018000e+03 1.541270e-12
1.019000e+03 1.537435e-12
1.020000e+03 1.533613e-12
1.021000e+03 1.529805e-12
1.022000e+03 1.526009e-12
1.023000e+03 1.522227e-12
1.024000e+03 1.518458e-12
1.025000e+03 1.514702e-12
1.026000e+03 1.510959e-12
1.027000e+03 1.507229e-12
1.028000e+03 1.503511e-12
1.029000e+03 1.499807e-12
1.030000e+03 1.496115e-12
1.031000e+03 1.492436e-12
1.032000e+03 1.488770e-12
1.033000e+03 1.485116e-12
1.034000e+03 1.481474e-12
1.035000e+03 1.477845e-12
1.036000e+03 1.474229e-12
1.037000e+03 1.470624e-12
1.038000e+03 1.467033e-12
1.039000e+03 1.463453e-12
1.040000e+03 1.459885e-12
1.041000e+03 1.456330e-12
1.042000e+03 1.452787e-12
1.043000e+03 1.449256e-12
1.044000e+03 1.445736e-12
1.045000e+03 1.442229e-12
1.046000e+03 1.438733e-12
1.047000e+03 1.435250e-12
1.048000e+03 1.431778e-12
1.049000e+03 1.428318e-12
1.050000e+03 1.424869e-12
1.051000e+03 1.421432e-12
1.052000e+03 1.418007e-12
1.053000e+03 1.414593e-12
1.054000e+03 1.411191e-12
1.055000e+03 1.407800e-12
1.056000e+03 1.404420e-12
1.057000e+03 1.401052e-12
1.058000e+03 1.397695e-12
1.059000e+03 1.394349e-12
1.060000e+03 1.391015e-12
1.061000e+03 1.387691e-12
1.062000e+03 1.384379e-12
1.063000e+03 1.381077e-12
1.064000e+03 1.377787e-12
1.065000e+03 1.374507e-12
1.066000e+03 1.371239e-12
1.067000e+03 1.367981e-12
1.068000e+03 1.364734e-12
1.069000e+03 1.361498e-12
1.070000e+03 1.358272e-12
1.071000e+03 1.355057e-12
1.072000e+03 1.351853e-12
1.073000e+03 1.348660e-12
1.074000e+03 1.345476e-12
1.075000e+03 1.342304e-12
1.076000e+03 1.339141e-12
1.077000e+03 1.335990e-12
1.078000e+03 1.332848e-12
1.079000e+03 1.329717e-12
1.080000e+03 1.326596e-12
1.081000e+03 1.323485e-12
1.082000e+03 1.320385e-12
1.083000e+03 1.317294e-12
1.084000e+03 1.314214e-12
1.085000e+03 1.311143e-12
1.086000e+03 1.308083e-12
1.087000e+03 1.305033e-12
1.088000e+03 1.301992e-12
1.089000e+03 1.298962e-12
1.090000e+03 1.295941e-12
1.091000e+03 1.292930e-12
1.092000e+03 1.289929e-12
1.093000e+03 1.286937e-12
1.094000e+03 1.283956e-12
1.095000e+03 1.280983e-12
1.096000e+03 1.278021e-12
1.097000e+03 1.275068e-12
1.098000e+03 1.272124e-12
1.099000e+03 1.269190e-12
1.100000e+03 1.266266e-12
1.101000e+03 1.263350e-12
1.102000e+03 1.260445e-12
1.103000e+03 1.257548e-12
1.104000e+03 1.254661e-12
1.105000e+03 1.251783e-12
1.106000e+03 1.248914e-12
1.107000e+03 1.246054e-12
1.108000e+03 1.243204e-12
1.109000e+03 1.240362e-12
1.110000e+03 1.237530e-12
1.111000e+03 1.234707e-12
1.112000e+03 1.231892e-12
1.113000e+03 1.229087e-12
1.114000e+03 1.226290e-12
1.115000e+03 1.223503e-12
1.116000e+03 1.220724e-12
1.117000e+03 1.217954e-12
1.118000e+03 1.215192e-12
1.119000e+03 1.212440e-12
1.120000e+03 1.209696e-12
1.121000e+03 1.206961e-12
1.122000e+03 1.204234e-12
1.123000e+03 1.201516e-12
1.124000e+03 1.198807e-12
1.125000e+03 1.196106e-12
1.126000e+03 1.193413e-12
1.127000e+03 1.190729e-12
1.128000e+03 1.188054e-12
1.129000e+03 1.185387e-12
1.130000e+03 1.182728e-12
1.131000e+03 1.180077e-12
1.132000e+03 1.177435e-12
1.133000e+03 1.174801e-12
1.134000e+03 1.172175e-12
1.135000e+03 1.169557e-12
1.136000e+03 1.166948e-12
1.137000e+03 1.164347e-12
1.138000e+03 1.161753e-12
1.139000e+03 1.159168e-12
1.140000e+03 1.156591e-12
1.141000e+03 1.154022e-12
1.142000e+03 1.151460e-12
1.143000e+03 1.148907e-12
1.144000e+03 1.146361e-12
1.145000e+03 1.143824e-12
1.146000e+03 1.141294e-12
1.147000e+03 1.138772e-12
1.148000e+03 1.136258e-12
1.149000e+03 1.133751e-12
1.150000e+03 1.131253e-12
1.151000e+03 1.128761e-12
1.152000e+03 1.126278e-12
1.153000e+03 1.123802e-12
1.154000e+03 1.121334e-12
1.155000e+03 1.118873e-12
1.156000e+03 1.116420e-12
1.157000e+03 1.113974e-12
1.158000e+03 1.111536e-12
1.159000e+03 1.109105e-12
1.160000e+03 1.106682e-12
1.161000e+03 1.104266e-12
1.162000e+03 1.101857e-12
1.163000e+03 1.099456e-12
1.164000e+03 1.097062e-12
1.165000e+03 1.094675e-12
1.166000e+03 1.092296e-12
1.167000e+03 1.089923e-12
1.168000e+03 1.087558e-12
1.169000e+03 1.085200e-12
1.170000e+03 1.082849e-12
1.171000e+03 1.080506e-12
1.172000e+03 1.078169e-12
1.173000e+03 1.075839e-12
1.174000e+03 1.073517e-12
1.175000e+03 1.071201e-12
1.176000e+03 1.068892e-12
1.177000e+03 1.066591e-12
1.178000e+03 1.064296e-12
1.179000e+03 1.062008e-12
1.180000e+03 1.059727e-12
1.181000e+03 1.057452e-12
1.182000e+03 1.055185e-12
1.183000e+03 1.052924e-12
1.184000e+03 1.050670e-12
1.185000e+03 1.048423e-12
1.186000e+03 1.046182e-12
1.187000e+03 1.043949e-12
1.188000e+03 1.041721e-12
1.189000e+03 1.039501e-12
1.190000e+03 1.037287e-12
1.191000e+03 1.035079e-12
1.192000e+03 1.032878e-12
1.193000e+03 1.030684e-12
1.194000e+03 1.028496e-12
1.195000e+03 1.026315e-12
1.196000e+03 1.024140e-12
1.197000e+03 1.021971e-12
1.198000e+03 1.019809e-12
1.199000e+03 1.017653e-12
1.200000e+03 1.015504e-12
1.201000e+03 1.013361e-12
1.202000e+03 1.011224e-12
1.203000e+03 1.009094e-12
1.204000e+03 1.006969e-12
1.205000e+03 1.004851e-12
1.206000e+03 1.002740e-12
1.207000e+03 1.000634e-12
1.208000e+03 9.985345e-13
1.209000e+03 9.964412e-13
1.210000e+03 9.943540e-13
1.211000e+03 9.922729e-13
1.212000e+03 9.901978e-13
1.213000e+03 9.881288e-13
1.214000e+03 9.860658e-13
1.215000e+03 9.840089e-13
1.216000e+03 9.819579e-13
1.217000e+03 9.799128e-13
1.218000e+03 9.778737e-13
1.219000e+03 9.758405e-13
1.220000e+03 9.738132e-13
1.221000e+03 9.717918e-13
1.222000e+03 9.697762e-13
1.223000e+03 9.677664e-13
1.224000e+03 9.657625e-13
1.225000e+03 9.637643e-13
1.226000e+03 9.617719e-13
1.227000e+03 9.597852e-13
1.228000e+03 9.578042e-13
1.229000e+03 9.558290e-13
1.230000e+03 9.538594e-13
1.231000e+03 9.518955e-13
1.232000e+03 9.499372e-13
1.233000e+03 9.479845e-13
1.234000e+03 9.460374e-13
1.235000e+03 9.440959e-13
1.236000e+03 9.421599e-13
1.237000e+03 9.402295e-13
1.238000e+03 9.383045e-13
1.239000e+03 9.363851e-13
1.240000e+03 9.344711e-13
1.241000e+03 9.325626e-13
1.242000e+03 9.306596e-13
1.243000e+03 9.287619e-13
1.244000e+03 9.268696e-13
1.245000e+03 9.249827e-13
1.246000e+03 9.231011e-13
1.247000e+03 9.212249e-13
1.248000e+03 9.193540e-13
1.249000e+03 9.174884e-13
1.250000e+03 9.156281e-13
1.251000e+03 9.137730e-13
1.252000e+03 9.119231e-13
1.253000e+03 9.100785e-13
1.254000e+03 9.082391e-13
1.255000e+03 9.064048e-13
1.256000e+03 9.045757e-13
1.257000e+03 9.027518e-13
1.258000e+03 9.009330e-13
1.259000e+03 8.991193e-13
1.260000e+03 8.973106e-13
1.261000e+03 8.955071e-13
1.262000e+03 8.937086e-13
1.263000e+03 8.919151e-13
1.264000e+03 8.901266e-13
1.265000e+03 8.883432e-13
1.266000e+03 8.865647e-13
1.267000e+03 8.847912e-13
1.268000e+03 8.830226e-13
1.269000e+03 8.812589e-13
1.270000e+03 8.795002e-13
1.271000e+03 8.777463e-13
1.272000e+03 8.759973e-13
1.273000e+03 8.742532e-13
1.274000e+03 8.725139e-13
1.275000e+03 8.707795e-13
1.276000e+03 8.690498e-13
1.277000e+03 8.673249e-13
1.278000e+03 8.656048e-13
1.279000e+03 8.638895e-13
1.280000e+03 8.621789e-13
1.281000e+03 8.604730e-13
1.282000e+03 8.587718e-13
1.283000e+03 8.570753e-13
1.284000e+03 8.553834e-13
1.285000e+03 8.536962e-13
1.286000e+03 8.520137e-13
1.287000e+03 8.503358e-13
1.288000e+03 8.486624e-13
1.289000e+03 8.469937e-13
1.290000e+03 8.453295e-13
1.291000e+03 8.436699e-13
1.292000e+03 8.420148e-13
1.293000e+03 8.403643e-13
1.294000e+03 8.387183e-13
1.295000e+03 8.370767e-13
1.296000e+03 8.354397e-13
1.297000e+03 8.338070e-13
1.298000e+03 8.321789e-13
1.299000e+03 8.305552e-13
1.300000e+03 8.289358e-13
1.301000e+03 8.273209e-13
1.302000e+03 8.257104e-13
1.303000e+03 8.241042e-13
1.304000e+03 8.225024e-13
1.305000e+03 8.209049e-13
1.306000e+03 8.193118e-13
1.307000e+03 8.177229e-13
1.308000e+03 8.161384e-13
1.309000e+03 8.145581e-13
1.310000e+03 8.129821e-13
1.311000e+03 8.114103e-13
1.312000e+03 8.098428e-13
1.313000e+03 8.082795e-13
1.314000e+03 8.067204e-13
1.315000e+03 8.051655e-13
1.316000e+03 8.036147e-13
1.317000e+03 8.020682e-13
1.318000e+03 8.005257e-13
1.319000e+03 7.989874e-13
1.320000e+03 7.974532e-13
1.321000e+03 7.959232e-13
1.322000e+03 7.943972e-13
1.323000e+03 7.928753e-13
1.324000e+03 7.913574e-13
1.325000e+03 7.898436e-13
1.326000e+03 7.883339e-13
1.327000e+03 7.868281e-13
1.328000e+03 7.853264e-13
1.329000e+03 7.838287e-13
1.330000e+03 7.823349e-13
1.331000e+03 7.808451e-13
1.332000e+03 7.793593e-13
1.333000e+03 7.778774e-13
1.334000e+03 7.763994e-13
1.335000e+03 7.749253e-13
1.336000e+03 7.734552e-13
1.337000e+03 7.719889e-13
1.338000e+03 7.705265e-13
1.339000e+03 7.690679e-13
1.340000e+03 7.676132e-13
1.341000e+03 7.661624e-13
1.342000e+03 7.647153e-13
1.343000e+03 7.632721e-13
1.344000e+03 7.618327e-13
1.345000e+03 7.603970e-13
1.346000e+03 7.589651e-13
1.347000e+03 7.575370e-13
1.348000e+03 7.561126e-13
1.349000e+03 7.546919e-13
1.350000e+03 7.532750e-13
1.351000e+03 7.518618e-13
1.352000e+03 7.504522e-13
1.353000e+03 7.490464e-13
1.354000e+03 7.476442e-13
1.355000e+03 7.462457e-13
1.356000e+03 7.448508e-13
1.357000e+03 7.434595e-13
1.358000e+03 7.420719e-13
1.359000e+03 7.406879e-13
1.360000e+03 7.393075e-13
1.361000e+03 7.379306e-13
1.362000e+03 7.365574e-13
1.363000e+03 7.351877e-13
1.364000e+03 7.338215e-13
1.365000e+03 7.324589e-13
1.366000e+03 7.310998e-13
1.367000e+03 7.297442e-13
1.368000e+03 7.283921e-13
1.369000e+03 7.270436e-13
1.370000e+03 7.256984e-13
1.371000e+03 7.243568e-13
1.372000e+03 7.230186e-13
1.373000e+03 7.216839e-13
1.374000e+03 7.203526e-13
1.375000e+03 7.190247e-13
1.376000e+03 7.177002e-13
1.377000e+03 7.163791e-13
1.378000e+03 7.150614e-13
1.379000e+03 7.137471e-13
1.380000e+03 7.124362e-13
1.381000e+03 7.111286e-13
1.382000e+03 7.098244e-13
1.383000e+03 7.085234e-13
1.384000e+03 7.072259e-13
1.385000e+03 7.059316e-13
1.386000e+03 7.046406e-13
1.387000e+03 7.033529e-13
1.388000e+03 7.020685e-13
1.389000e+03 7.007874e-13
1.390000e+03 6.995095e-13
1.391000e+03 6.982348e-13
1.392000e+03 6.969634e-13
1.393000e+03 6.956952e-13
1.394000e+03 6.944303e-13
1.395000e+03 6.931685e-13
1.396000e+03 6.919100e-13
1.397000e+03 6.906546e-13
1.398000e+03 6.894024e-13
1.399000e+03 6.881533e-13
1.400000e+03 6.869074e-13
1.401000e+03 6.856647e-13
1.402000e+03 6.844251e-13
1.403000e+03 6.831886e-13
1.404000e+03 6.819552e-13
1.405000e+03 6.807249e-13
1.406000e+03 6.794978e-13
1.407000e+03 6.782737e-13
1.408000e+03 6.770526e-13
1.409000e+03 6.758347e-13
1.410000e+03 6.746198e-13
1.411000e+03 6.734079e-13
1.412000e+03 6.721990e-13
1.413000e+03 6.709932e-13
1.414000e+03 6.697904e-13
1.415000e+03 6.685906e-13
1.416000e+03 6.673938e-13
1.417000e+03 6.662000e-13
1.418000e+03 6.650092e-13
1.419000e+03 6.638213e-13
1.420000e+03 6.626364e-13
1.421000e+03 6.614544e-13
1.422000e+03 6.602754e-13
1.423000e+03 6.590993e-13
1.424000e+03 6.579261e-13
1.425000e+03 6.567558e-13
1.426000e+03 6.555885e-13
1.427000e+03 6.544240e-13
1.428000e+03 6.532624e-13
1.429000e+03 6.521036e-13
1.430000e+03 6.509478e-13
1.431000e+03 6.497948e-13
1.432000e+03 6.486446e-13
1.433000e+03 6.474973e-13
1.434000e+03 6.463528e-13
1.435000e+03 6.452111e-13
1.436000e+03 6.440722e-13
1.437000e+03 6.429361e-13
1.438000e+03 6.418029e-13
1.439000e+03 6.406724e-13
1.440000e+03 6.395446e-13
1.441000e+03 6.384197e-13
1.442000e+03 6.372975e-13
1.443000e+03 6.361780e-13
1.444000e+03 6.350613e-13
1.445000e+03 6.339473e-13
1.446000e+03 6.328361e-13
1.447000e+03 6.317276e-13
1.448000e+03 6.306217e-13
1.449000e+03 6.295186e-13
1.450000e+03 6.284181e-13
1.451000e+03 6.273204e-13
1.452000e+03 6.262253e-13
1.453000e+03 6.251328e-13
1.454000e+03 6.240430e-13
1.455000e+03 6.229559e-13
1.456000e+03 6.218714e-13
1.457000e+03 6.207896e-13
1.458000e+03 6.197103e-13
1.459000e+03 6.186337e-13
1.460000e+03 6.175597e-13
1.461000e+03 6.164883e-13
1.462000e+03 6.154194e-13
1.463000e+03 6.143532e-13
1.464000e+03 6.132895e-13
1.465000e+03 6.122284e-13
1.466000e+03 6.111698e-13
1.467000e+03 6.101138e-13
1.468000e+03 6.090604e-13
1.469000e+03 6.080095e-13
1.470000e+03 6.069611e-13
1.471000e+03 6.059152e-13
1.472000e+03 6.048718e-13
1.473000e+03 6.038309e-13
1.474000e+03 6.027926e-13
1.475000e+03 6.017567e-13
1.476000e+03 6.007233e-13
1.477000e+03 5.996924e-13
1.478000e+03 5.986639e-13
1.479000e+03 5.976379e-13
1.480000e+03 5.966144e-13
1.481000e+03 5.955932e-13
1.482000e+03 5.945746e-13
1.483000e+03 5.935583e-13
1.484000e+03 5.925445e-13
1.485000e+03 5.915331e-13
1.486000e+03 5.905241e-13
1.487000e+03 5.895174e-13
1.488000e+03 5.885132e-13
1.489000e+03 5.875114e-13
1.490000e+03 5.865119e-13
1.491000e+03 5.855148e-13
1.492000e+03 5.845201e-13
1.493000e+03 5.835277e-13
1.494000e+03 5.825377e-13
1.495000e+03 5.815500e-13
1.496000e+03 5.805647e-13
1.497000e+03 5.795816e-13
1.498000e+03 5.786009e-13
1.499000e+03 5.776225e-13
1.500000e+03 5.766464e-13
1.501000e+03 5.756726e-13
1.502000e+03 5.747011e-13
1.503000e+03 5.737319e-13
1.504000e+03 5.727650e-13
1.505000e+03 5.718003e-13
1.506000e+03 5.708379e-13
1.507000e+03 5.698778e-13
1.508000e+03 5.689199e-13
1.509000e+03 5.679642e-13
1.510000e+03 5.670108e-13
1.511000e+03 5.660596e-13
1.512000e+03 5.651107e-13
1.513000e+03 5.641639e-13
1.514000e+03 5.632194e-13
1.515000e+03 5.622770e-13
1.516000e+03 5.613369e-13
1.517000e+03 5.603990e-13
1.518000e+03 5.594632e-13
1.519000e+03 5.585296e-13
1.520000e+03 5.575982e-13
1.521000e+03 5.566689e-13
1.522000e+03 5.557419e-13
1.523000e+03 5.548169e-13
1.524000e+03 5.538941e-13
1.525000e+03 5.529735e-13
1.526000e+03 5.520549e-13
1.527000e+03 5.511385e-13
1.528000e+03 5.502243e-13
1.529000e+03 5.493121e-13
1.530000e+03 5.484020e-13
1.531000e+03 5.474941e-13
1.532000e+03 5.465882e-13
1.533000e+03 5.456844e-13
1.534000e+03 5.447827e-13
1.535000e+03 5.438831e-13
1.536000e+03 5.429856e-13
1.537000e+03 5.420901e-13
1.538000e+03 5.411967e-13
1.539000e+03 5.403053e-13
1.540000e+03 5.394160e-13
1.541000e+03 5.385287e-13
1.542000e+03 5.376434e-13
1.543000e+03 5.367602e-13
1.544000e+03 5.358790e-13
1.545000e+03 5.349998e-13
1.546000e+03 5.341226e-13
1.547000e+03 5.332475e-13
1.548000e+03 5.323743e-13
1.549000e+03 5.315031e-13
1.550000e+03 5.306339e-13
1.551000e+03 5.297667e-13
1.552000e+03 5.289015e-13
1.553000e+03 5.280382e-13
1.554000e+03 5.271769e-13
1.555000e+03 5.263175e-13
1.556000e+03 5.254601e-13
1.557000e+03 5.246047e-13
1.558000e+03 5.237512e-13
1.559000e+03 5.228996e-13
1.560000e+03 5.220499e-13
1.561000e+03 5.212022e-13
1.562000e+03 5.203564e-13
1.563000e+03 5.195125e-13
1.564000e+03 5.186705e-13
1.565000e+03 5.178304e-13
1.566000e+03 5.169922e-13
1.567000e+03 5.161559e-13
1.568000e+03 5.153215e-13
1.569000e+03 5.144890e-13
1.570000e+03 5.136583e-13
1.571000e+03 5.128295e-13
1.572000e+03 5.120026e-13
1.573000e+03 5.111775e-13
1.574000e+03 5.103543e-13
1.575000e+03 5.095329e-13
1.576000e+03 5.087134e-13
1.577000e+03 5.078957e-13
1.578000e+03 5.070799e-13
1.579000e+03 5.062658e-13
1.580000e+03 5.054536e-13
1.581000e+03 5.046432e-13
1.582000e+03 5.038346e-13
1.583000e+03 5.030279e-13
1.584000e+03 5.022229e-13
1.585000e+03 5.014197e-13
1.586000e+03 5.006183e-13
1.587000e+03 4.998187e-13
1.588000e+03 4.990208e-13
1.589000e+03 4.982248e-13
1.590000e+03 4.974305e-13
1.591000e+03 4.966380e-13
1.592000e+03 4.958472e-13
1.593000e+03 4.950582e-13
1.594000e+03 4.942709e-13
1.595000e+03 4.934854e-13
1.596000e+03 4.927017e-13
1.597000e+03 4.919196e-13
1.598000e+03 4.911393e-13
1.599000e+03 4.903607e-13
1.600000e+03 4.895838e-13
1.601000e+03 4.888087e-13
1.602000e+03 4.880353e-13
1.603000e+03 4.872635e-13
1.604000e+03 4.864935e-13
1.605000e+03 4.857251e-13
1.606000e+03 4.849585e-13
1.607000e+03 4.841935e-13
1.608000e+03 4.834302e-13
1.609000e+03 4.826686e-13
1.610000e+03 4.819087e-13
1.611000e+03 4.811504e-13
1.612000e+03 4.803938e-13
1.613000e+03 4.796389e-13
1.614000e+03 4.788856e-13
1.615000e+03 4.781340e-13
1.616000e+03 4.773840e-13
1.617000e+03 4.766356e-13
1.618000e+03 4.758889e-13
1.619000e+03 4.751438e-13
1.620000e+03 4.744003e-13
1.621000e+03 4.736585e-13
1.622000e+03 4.729182e-13
1.623000e+03 4.721796e-13
1.624000e+03 4.714426e-13
1.625000e+03 4.707072e-13
1.626000e+03 4.699734e-13
1.627000e+03 4.692411e-13
1.628000e+03 4.685105e-13
1.629000e+03 4.677815e-13
1.630000e+03 4.670540e-13
1.631000e+03 4.663281e-13
1.632000e+03 4.656038e-13
1.633000e+03 4.648811e-13
1.634000e+03 4.641599e-13
1.635000e+03 4.634403e-13
1.636000e+03 4.627222e-13
1.637000e+03 4.620057e-13
1.638000e+03 4.612907e-13
1.639000e+03 4.605773e-13
1.640000e+03 4.598654e-13
1.641000e+03 4.591550e-13
1.642000e+03 4.584462e-13
1.643000e+03 4.577389e-13
1.644000e+03 4.570331e-13
1.645000e+03 4.563288e-13
1.646000e+03 4.556261e-13
1.647000e+03 4.549248e-13
1.648000e+03 4.542251e-13
1.649000e+03 4.535268e-13
1.650000e+03 4.528301e-13
1.651000e+03 4.521348e-13
1.652000e+03 4.514411e-13
1.653000e+03 4.507488e-13
1.654000e+03 4.500580e-13
1.655000e+03 4.493686e-13
1.656000e+03 4.486808e-13
1.657000e+03 4.479944e-13
1.658000e+03 4.473094e-13
1.659000e+03 4.466260e-13
1.660000e+03 4.459440e-13
1.661000e+03 4.452634e-13
1.662000e+03 4.445843e-13
1.663000e+03 4.439066e-13
1.664000e+03 4.432304e-13
1.665000e+03 4.425556e-13
1.666000e+03 4.418822e-13
1.667000e+03 4.412103e-13
1.668000e+03 4.405397e-13
1.669000e+03 4.398707e-13
1.670000e+03 4.392030e-13
1.671000e+03 4.385367e-13
1.672000e+03 4.378718e-13
1.673000e+03 4.372084e-13
1.674000e+03 4.365463e-13
1.675000e+03 4.358857e-13
1.676000e+03 4.352264e-13
1.677000e+03 4.345685e-13
1.678000e+03 4.339121e-13
1.679000e+03 4.332569e-13
1.680000e+03 4.326032e-13
1.681000e+03 4.319509e-13
1.682000e+03 4.312999e-13
1.683000e+03 4.306503e-13
1.684000e+03 4.300020e-13
1.685000e+03 4.293551e-13
1.686000e+03 4.287096e-13
1.687000e+03 4.280654e-13
1.688000e+03 4.274226e-13
1.689000e+03 4.267811e-13
1.690000e+03 4.261409e-13
1.691000e+03 4.255021e-13
1.692000e+03 4.248646e-13
1.693000e+03 4.242285e-13
1.694000e+03 4.235937e-13
1.695000e+03 4.229602e-13
1.696000e+03 4.223280e-13
1.697000e+03 4.216972e-13
1.698000e+03 4.210676e-13
1.699000e+03 4.204394e-13
1.700000e+03 4.198124e-13
1.701000e+03 4.191868e-13
1.702000e+03 4.185625e-13
1.703000e+03 4.179395e-13
1.704000e+03 4.173177e-13
1.705000e+03 4.166973e-13
1.706000e+03 4.160781e-13
1.707000e+03 4.154602e-13
1.708000e+03 4.148436e-13
1.709000e+03 4.142283e-13
1.710000e+03 4.136142e-13
1.711000e+03 4.130015e-13
1.712000e+03 4.123899e-13
1.713000e+03 4.117797e-13
1.714000e+03 4.111707e-13
1.715000e+03 4.105629e-13
1.716000e+03 4.099564e-13
1.717000e+03 4.093512e-13
1.718000e+03 4.087472e-13
1.719000e+03 4.081444e-13
1.720000e+03 4.075429e-13
1.721000e+03 4.069426e-13
1.722000e+03 4.063436e-13
1.723000e+03 4.057457e-13
1.724000e+03 4.051491e-13
1.725000e+03 4.045538e-13
1.726000e+03 4.039596e-13
1.727000e+03 4.033667e-13
1.728000e+03 4.027749e-13
1.729000e+03 4.021844e-13
1.730000e+03 4.015951e-13
1.731000e+03 4.010070e-13
1.732000e+03 4.004201e-13
1.733000e+03 3.998344e-13
1.734000e+03 3.992499e-13
1.735000e+03 3.986665e-13
1.736000e+03 3.980844e-13
1.737000e+03 3.975034e-13
1.738000e+03 3.969237e-13
1.739000e+03 3.963451e-13
1.740000e+03 3.957676e-13
1.741000e+03 3.951914e-13
1.742000e+03 3.946163e-13
1.743000e+03 3.940424e-13
1.744000e+03 3.934696e-13
1.745000e+03 3.928981e-13
1.746000e+03 3.923276e-13
1.747000e+03 3.917583e-13
1.748000e+03 3.911902e-13
1.749000e+03 3.906232e-13
1.750000e+03 3.900574e-13
1.751000e+03 3.894927e-13
1.752000e+03 3.889292e-13
1.753000e+03 3.883667e-13
1.754000e+03 3.878055e-13
1.755000e+03 3.872453e-13
1.756000e+03 3.866863e-13
1.757000e+03 3.861284e-13
1.758000e+03 3.855716e-13
1.759000e+03 3.850160e-13
1.760000e+03 3.844614e-13
1.761000e+03 3.839080e-13
1.762000e+03 3.833557e-13
1.763000e+03 3.828044e-13
1.764000e+03 3.822543e-13
1.765000e+03 3.817053e-13
1.766000e+03 3.811574e-13
1.767000e+03 3.806106e-13
1.768000e+03 3.800649e-13
1.769000e+03 3.795203e-13
1.770000e+03 3.789767e-13
1.771000e+03 3.784343e-13
1.772000e+03 3.778929e-13
1.773000e+03 3.773526e-13
1.774000e+03 3.768134e-13
1.775000e+03 3.762752e-13
1.776000e+03 3.757381e-13
1.777000e+03 3.752021e-13
1.778000e+03 3.746672e-13
1.779000e+03 3.741333e-13
1.780000e+03 3.736005e-13
1.781000e+03 3.730687e-13
1.782000e+03 3.725380e-13
1.783000e+03 3.720084e-13
1.784000e+03 3.714798e-13
1.785000e+03 3.709522e-13
1.786000e+03 3.704257e-13
1.787000e+03 3.699002e-13
1.788000e+03 3.693758e-13
1.789000e+03 3.688524e-13
1.790000e+03 3.683300e-13
1.791000e+03 3.678087e-13
1.792000e+03 3.672884e-13
1.793000e+03 3.667691e-13
1.794000e+03 3.662509e-13
1.795000e+03 3.657336e-13
1.796000e+03 3.652174e-13
1.797000e+03 3.647022e-13
1.798000e+03 3.641880e-13
1.799000e+03 3.636749e-13
1.800000e+03 3.631627e-13
1.801000e+03 3.626515e-13
1.802000e+03 3.621414e-13
1.803000e+03 3.616322e-13
1.804000e+03 3.611240e-13
1.805000e+03 3.606169e-13
1.806000e+03 3.601107e-13
1.807000e+03 3.596055e-13
1.808000e+03 3.591013e-13
1.809000e+03 3.585981e-13
1.810000e+03 3.580958e-13
1.811000e+03 3.575946e-13
1.812000e+03 3.570943e-13
1.813000e+03 3.565950e-13
1.814000e+03 3.560967e-13
1.815000e+03 3.555993e-13
1.816000e+03 3.551030e-13
1.817000e+03 3.546075e-13
1.818000e+03 3.541131e-13
1.819000e+03 3.536196e-13
1.820000e+03 3.531270e-13
1.821000e+03 3.526354e-13
1.822000e+03 3.521448e-13
1.823000e+03 3.516551e-13
1.824000e+03 3.511664e-13
1.825000e+03 3.506786e-13
1.826000e+03 3.501918e-13
1.827000e+03 3.497059e-13
1.828000e+03 3.492209e-13
1.829000e+03 3.487369e-13
1.830000e+03 3.482538e-13
1.831000e+03 3.477717e-13
1.832000e+03 3.472905e-13
1.833000e+03 3.468102e-13
1.834000e+03 3.463308e-13
1.835000e+03 3.458523e-13
1.836000e+03 3.453748e-13
1.837000e+03 3.448982e-13
1.838000e+03 3.444225e-13
1.839000e+03 3.439477e-13
1.840000e+03 3.434739e-13
1.841000e+03 3.430009e-13
1.842000e+03 3.425289e-13
1.843000e+03 3.420577e-13
1.844000e+03 3.415875e-13
1.845000e+03 3.411182e-13
1.846000e+03 3.406497e-13
1.847000e+03 3.401822e-13
1.848000e+03 3.397155e-13
1.849000e+03 3.392498e-13
1.850000e+03 3.387849e-13
1.851000e+03 3.383209e-13
1.852000e+03 3.378579e-13
1.853000e+03 3.373956e-13
1.854000e+03 3.369343e-13
1.855000e+03 3.364739e-13
1.856000e+03 3.360143e-13
1.857000e+03 3.355556e-13
1.858000e+03 3.350978e-13
1.859000e+03 3.346408e-13
1.860000e+03 3.341847e-13
1.861000e+03 3.337295e-13
1.862000e+03 3.332752e-13
1.863000e+03 3.328217e-13
1.864000e+03 3.323690e-13
1.865000e+03 3.319173e-13
1.866000e+03 3.314663e-13
1.867000e+03 3.310163e-13
1.868000e+03 3.305671e-13
1.869000e+03 3.301187e-13
1.870000e+03 3.296712e-13
1.871000e+03 3.292245e-13
1.872000e+03 3.287787e-13
1.873000e+03 3.283337e-13
1.874000e+03 3.278895e-13
1.875000e+03 3.274462e-13
1.876000e+03 3.270038e-13
1.877000e+03 3.265621e-13
1.878000e+03 3.261213e-13
1.879000e+03 3.256813e-13
1.880000e+03 3.252422e-13
1.881000e+03 3.248038e-13
1.882000e+03 3.243663e-13
1.883000e+03 3.239297e-13
1.884000e+03 3.234938e-13
1.885000e+03 3.230587e-13
1.886000e+03 3.226245e-13
1.887000e+03 3.221911e-13
1.888000e+03 3.217585e-13
1.889000e+03 3.213267e-13
1.890000e+03 3.208957e-13
1.891000e+03 3.204655e-13
1.892000e+03 3.200361e-13
1.893000e+03 3.196075e-13
1.894000e+03 3.191798e-13
1.895000e+03 3.187528e-13
1.896000e+03 3.183266e-13
1.897000e+03 3.179012e-13
1.898000e+03 3.174766e-13
1.899000e+03 3.170528e-13
1.900000e+03 3.166298e-13
1.901000e+03 3.162075e-13
1.902000e+03 3.157861e-13
1.903000e+03 3.153654e-13
1.904000e+03 3.149455e-13
1.905000e+03 3.145264e-13
1.906000e+03 3.141081e-13
1.907000e+03 3.136905e-13
1.908000e+03 3.132738e-13
1.909000e+03 3.128578e-13
1.910000e+03 3.124425e-13
1.911000e+03 3.120280e-13
1.912000e+03 3.116143e-13
1.913000e+03 3.112014e-13
1.914000e+03 3.107892e-13
1.915000e+03 3.103778e-13
1.916000e+03 3.099671e-13
1.917000e+03 3.095572e-13
1.918000e+03 3.091481e-13
1.919000e+03 3.087397e-13
1.920000e+03 3.083321e-13
1.921000e+03 3.079252e-13
1.922000e+03 3.075190e-13
1.923000e+03 3.071136e-13
1.924000e+03 3.067090e-13
1.925000e+03 3.063051e-13
1.926000e+03 3.059019e-13
1.927000e+03 3.054995e-13
1.928000e+03 3.050978e-13
1.929000e+03 3.046968e-13
1.930000e+03 3.042966e-13
1.931000e+03 3.038971e-13
1.932000e+03 3.034984e-13
1.933000e+03 3.031004e-13
1.934000e+03 3.027031e-13
1.935000e+03 3.023065e-13
1.936000e+03 3.019106e-13
1.937000e+03 3.015155e-13
1.938000e+03 3.011211e-13
1.939000e+03 3.007274e-13
1.940000e+03 3.003345e-13
1.941000e+03 2.999422e-13
1.942000e+03 2.995507e-13
1.943000e+03 2.991598e-13
1.944000e+03 2.987697e-13
1.945000e+03 2.983803e-13
1.946000e+03 2.979916e-13
1.947000e+03 2.976036e-13
1.948000e+03 2.972163e-13
1.949000e+03 2.968297e-13
1.950000e+03 2.964438e-13
1.951000e+03 2.960587e-13
1.952000e+03 2.956742e-13
1.953000e+03 2.952904e-13
1.954000e+03 2.949073e-13
1.955000e+03 2.945249e-13
1.956000e+03 2.941431e-13
1.957000e+03 2.937621e-13
1.958000e+03 2.933818e-13
1.959000e+03 2.930021e-13
1.960000e+03 2.926232e-13
1.961000e+03 2.922449e-13
1.962000e+03 2.918673e-13
1.963000e+03 2.914903e-13
1.964000e+03 2.911141e-13
1.965000e+03 2.907385e-13
1.966000e+03 2.903636e-13
1.967000e+03 2.899894e-13
1.968000e+03 2.896159e-13
1.969000e+03 2.892430e-13
1.970000e+03 2.888708e-13
1.971000e+03 2.884992e-13
1.972000e+03 2.881284e-13
1.973000e+03 2.877581e-13
1.974000e+03 2.873886e-13
1.975000e+03 2.870197e-13
1.976000e+03 2.866515e-13
1.977000e+03 2.862839e-13
1.978000e+03 2.859170e-13
1.979000e+03 2.855507e-13
1.980000e+03 2.851851e-13
1.981000e+03 2.848202e-13
1.982000e+03 2.844559e-13
1.983000e+03 2.840922e-13
1.984000e+03 2.837292e-13
1.985000e+03 2.833669e-13
1.986000e+03 2.830052e-13
1.987000e+03 2.826441e-13
1.988000e+03 2.822837e-13
1.989000e+03 2.819239e-13
1.990000e+03 2.815647e-13
1.991000e+03 2.812062e-13
1.992000e+03 2.808484e-13
1.993000e+03 2.804911e-13
1.994000e+03 2.801345e-13
1.995000e+03 2.797786e-13
1.996000e+03 2.794232e-13
1.997000e+03 2.790685e-13
1.998000e+03 2.787144e-13
1.999000e+03 2.783610e-13
2.000000e+03 2.780081e-13
2.001000e+03 2.776559e-13
2.002000e+03 2.773043e-13
2.003000e+03 2.769534e-13
2.004000e+03 2.766030e-13
2.005000e+03 2.762533e-13
2.006000e+03 2.759042e-13
2.007000e+03 2.755557e-13
2.008000e+03 2.752078e-13
2.009000e+03 2.748605e-13
2.010000e+03 2.745138e-13
2.011000e+03 2.741678e-13
2.012000e+03 2.738223e-13
2.013000e+03 2.734775e-13
2.014000e+03 2.731332e-13
2.015000e+03 2.727896e-13
2.016000e+03 2.724466e-13
2.017000e+03 2.721042e-13
2.018000e+03 2.717623e-13
2.019000e+03 2.714211e-13
2.020000e+03 2.710805e-13
2.021000e+03 2.707404e-13
2.022000e+03 2.704010e-13
2.023000e+03 2.700621e-13
2.024000e+03 2.697239e-13
2.025000e+03 2.693862e-13
2.026000e+03 2.690491e-13
2.027000e+03 2.687126e-13
2.028000e+03 2.683767e-13
2.029000e+03 2.680414e-13
2.030000e+03 2.677067e-13
2.031000e+03 2.673725e-13
2.032000e+03 2.670390e-13
2.033000e+03 2.667060e-13
2.034000e+03 2.663736e-13
2.035000e+03 2.660417e-13
2.036000e+03 2.657105e-13
2.037000e+03 2.653798e-13
2.038000e+03 2.650497e-13
2.039000e+03 2.647201e-13
2.040000e+03 2.643912e-13
2.041000e+03 2.640628e-13
2.042000e+03 2.637349e-13
2.043000e+03 2.634077e-13
2.044000e+03 2.630810e-13
2.045000e+03 2.627548e-13
2.046000e+03 2.624293e-13
2.047000e+03 2.621043e-13
2.048000e+03 2.617798e-13
2.049000e+03 2.614559e-13
2.050000e+03 2.611326e-13
2.051000e+03 2.608098e-13
2.052000e+03 2.604876e-13
2.053000e+03 2.601660e-13
2.054000e+03 2.598449e-13
2.055000e+03 2.595243e-13
2.056000e+03 2.592043e-13
2.057000e+03 2.588849e-13
2.058000e+03 2.585660e-13
2.059000e+03 2.582476e-13
2.060000e+03 2.579298e-13
2.061000e+03 2.576125e-13
2.062000e+03 2.572958e-13
2.063000e+03 2.569796e-13
2.064000e+03 2.566640e-13
2.065000e+03 2.563489e-13
2.066000e+03 2.560343e-13
2.067000e+03 2.557203e-13
2.068000e+03 2.554068e-13
2.069000e+03 2.550939e-13
2.070000e+03 2.547815e-13
2.071000e+03 2.544696e-13
2.072000e+03 2.541583e-13
2.073000e+03 2.538474e-13
2.074000e+03 2.535372e-13
2.075000e+03 2.532274e-13
2.076000e+03 2.529182e-13
2.077000e+03 2.526095e-13
2.078000e+03 2.523013e-13
2.079000e+03 2.519936e-13
2.080000e+03 2.516865e-13
2.081000e+03 2.513799e-13
2.082000e+03 2.510738e-13
2.083000e+03 2.507682e-13
2.084000e+03 2.504632e-13
2.085000e+03 2.501586e-13
2.086000e+03 2.498546e-13
2.087000e+03 2.495511e-13
2.088000e+03 2.492481e-13
2.089000e+03 2.489456e-13
2.090000e+03 2.486437e-13
2.091000e+03 2.483422e-13
2.092000e+03 2.480413e-13
2.093000e+03 2.477408e-13
2.094000e+03 2.474409e-13
2.095000e+03 2.471415e-13
2.096000e+03 2.468426e-13
2.097000e+03 2.465442e-13
2.098000e+03 2.462462e-13
2.099000e+03 2.459488e-13
2.100000e+03 2.456519e-13
2.101000e+03 2.453555e-13
2.102000e+03 2.450596e-13
2.103000e+03 2.447642e-13
2.104000e+03 2.444693e-13
2.105000e+03 2.441748e-13
2.106000e+03 2.438809e-13
2.107000e+03 2.435875e-13
2.108000e+03 2.432945e-13
2.109000e+03 2.430021e-13
2.110000e+03 2.427101e-13
2.111000e+03 2.424186e-13
2.112000e+03 2.421276e-13
2.113000e+03 2.418371e-13
2.114000e+03 2.415471e-13
2.115000e+03 2.412576e-13
2.116000e+03 2.409686e-13
2.117000e+03 2.406800e-13
2.118000e+03 2.403919e-13
2.119000e+03 2.401043e-13
2.120000e+03 2.398172e-13
2.121000e+03 2.395305e-13
2.122000e+03 2.392444e-13
2.123000e+03 2.389587e-13
2.124000e+03 2.386735e-13
2.125000e+03 2.383887e-13
2.126000e+03 2.381045e-13
2.127000e+03 2.378207e-13
2.128000e+03 2.375373e-13
2.129000e+03 2.372545e-13
2.130000e+03 2.369721e-13
2.131000e+03 2.366902e-13
2.132000e+03 2.364088e-13
2.133000e+03 2.361278e-13
2.134000e+03 2.358473e-13
2.135000e+03 2.355672e-13
2.136000e+03 2.352876e-13
2.137000e+03 2.350085e-13
2.138000e+03 2.347298e-13
2.139000e+03 2.344516e-13
2.140000e+03 2.341739e-13
2.141000e+03 2.338966e-13
2.142000e+03 2.336198e-13
2.143000e+03 2.333434e-13
2.144000e+03 2.330675e-13
2.145000e+03 2.327920e-13
2.146000e+03 2.325170e-13
2.147000e+03 2.322425e-13
2.148000e+03 2.319684e-13
2.149000e+03 2.316947e-13
2.150000e+03 2.314215e-13
2.151000e+03 2.311488e-13
2.152000e+03 2.308765e-13
2.153000e+03 2.306046e-13
2.154000e+03 2.303332e-13
2.155000e+03 2.300622e-13
2.156000e+03 2.297917e-13
2.157000e+03 2.295216e-13
2.158000e+03 2.292520e-13
2.159000e+03 2.289828e-13
2.160000e+03 2.287140e-13
2.161000e+03 2.284457e-13
2.162000e+03 2.281779e-13
2.163000e+03 2.279104e-13
2.164000e+03 2.276434e-13
2.165000e+03 2.273769e-13
2.166000e+03 2.271107e-13
2.167000e+03 2.268450e-13
2.168000e+03 2.265798e-13
2.169000e+03 2.263149e-13
2.170000e+03 2.260505e-13
2.171000e+03 2.257866e-13
2.172000e+03 2.255230e-13
2.173000e+03 2.252599e-13
2.174000e+03 2.249972e-13
2.175000e+03 2.247350e-13
2.176000e+03 2.244732e-13
2.177000e+03 2.242118e-13
2.178000e+03 2.239508e-13
2.179000e+03 2.236902e-13
2.180000e+03 2.234301e-13
2.181000e+03 2.231704e-13
2.182000e+03 2.229111e-13
2.183000e+03 2.226522e-13
2.184000e+03 2.223938e-13
2.185000e+03 2.221357e-13
2.186000e+03 2.218781e-13
2.187000e+03 2.216209e-13
2.188000e+03 2.213641e-13
2.189000e+03 2.211077e-13
2.190000e+03 2.208518e-13
2.191000e+03 2.205962e-13
2.192000e+03 2.203411e-13
2.193000e+03 2.200864e-13
2.194000e+03 2.198321e-13
2.195000e+03 2.195782e-13
2.196000e+03 2.193247e-13
2.197000e+03 2.190716e-13
2.198000e+03 2.188189e-13
2.199000e+03 2.185667e-13
2.200000e+03 2.183148e-13
2.201000e+03 2.180633e-13
2.202000e+03 2.178123e-13
2.203000e+03 2.175616e-13
2.204000e+03 2.173114e-13
2.205000e+03 2.170615e-13
2.206000e+03 2.168121e-13
2.207000e+03 2.165630e-13
2.208000e+03 2.163144e-13
2.209000e+03 2.160661e-13
2.210000e+03 2.158182e-13
2.211000e+03 2.155708e-13
2.212000e+03 2.153237e-13
2.213000e+03 2.150770e-13
2.214000e+03 2.148308e-13
2.215000e+03 2.145849e-13
2.216000e+03 2.143394e-13
2.217000e+03 2.140943e-13
2.218000e+03 2.138496e-13
2.219000e+03 2.136053e-13
2.220000e+03 2.133613e-13
2.221000e+03 2.131178e-13
2.222000e+03 2.128746e-13
2.223000e+03 2.126319e-13
2.224000e+03 2.123895e-13
2.225000e+03 2.121475e-13
2.226000e+03 2.119059e-13
2.227000e+03 2.116646e-13
2.228000e+03 2.114238e-13
2.229000e+03 2.111833e-13
2.230000e+03 2.109432e-13
2.231000e+03 2.107035e-13
2.232000e+03 2.104642e-13
2.233000e+03 2.102253e-13
2.234000e+03 2.099867e-13
2.235000e+03 2.097485e-13
2.236000e+03 2.095107e-13
2.237000e+03 2.092732e-13
2.238000e+03 2.090362e-13
2.239000e+03 2.087995e-13
2.240000e+03 2.085632e-13
2.241000e+03 2.083272e-13
2.242000e+03 2.080917e-13
2.243000e+03 2.078565e-13
2.244000e+03 2.076216e-13
2.245000e+03 2.073872e-13
2.246000e+03 2.071531e-13
2.247000e+03 2.069194e-13
2.248000e+03 2.066860e-13
2.249000e+03 2.064530e-13
2.250000e+03 2.062204e-13
2.251000e+03 2.059881e-13
2.252000e+03 2.057563e-13
2.253000e+03 2.055247e-13
2.254000e+03 2.052936e-13
2.255000e+03 2.050628e-13
2.256000e+03 2.048323e-13
2.257000e+03 2.046022e-13
2.258000e+03 2.043725e-13
2.259000e+03 2.041432e-13
2.260000e+03 2.039142e-13
2.261000e+03 2.036855e-13
2.262000e+03 2.034572e-13
2.263000e+03 2.032293e-13
2.264000e+03 2.030017e-13
2.265000e+03 2.027745e-13
2.266000e+03 2.025476e-13
2.267000e+03 2.023211e-13
2.268000e+03 2.020950e-13
2.269000e+03 2.018692e-13
2.270000e+03 2.016437e-13
2.271000e+03 2.014186e-13
2.272000e+03 2.011939e-13
2.273000e+03 2.009695e-13
2.274000e+03 2.007454e-13
2.275000e+03 2.005217e-13
2.276000e+03 2.002983e-13
2.277000e+03 2.000753e-13
2.278000e+03 1.998527e-13
2.279000e+03 1.996303e-13
2.280000e+03 1.994084e-13
2.281000e+03 1.991867e-13
2.282000e+03 1.989654e-13
2.283000e+03 1.987445e-13
2.284000e+03 1.985239e-13
2.285000e+03 1.983036e-13
2.286000e+03 1.980837e-13
2.287000e+03 1.978641e-13
2.288000e+03 1.976449e-13
2.289000e+03 1.974260e-13
2.290000e+03 1.972074e-13
2.291000e+03 1.969892e-13
2.292000e+03 1.967713e-13
2.293000e+03 1.965537e-13
2.294000e+03 1.963365e-13
2.295000e+03 1.961196e-13
2.296000e+03 1.959031e-13
2.297000e+03 1.956869e-13
2.298000e+03 1.954710e-13
2.299000e+03 1.952554e-13
2.300000e+03 1.950402e-13
2.301000e+03 1.948253e-13
2.302000e+03 1.946107e-13
2.303000e+03 1.943965e-13
2.304000e+03 1.941826e-13
2.305000e+03 1.939690e-13
2.306000e+03 1.937558e-13
2.307000e+03 1.935429e-13
2.308000e+03 1.933303e-13
2.309000e+03 1.931180e-13
2.310000e+03 1.929060e-13
2.311000e+03 1.926944e-13
2.312000e+03 1.924831e-13
2.313000e+03 1.922721e-13
2.314000e+03 1.920615e-13
2.315000e+03 1.918512e-13
2.316000e+03 1.916411e-13
2.317000e+03 1.914315e-13
2.318000e+03 1.912221e-13
2.319000e+03 1.910130e-13
2.320000e+03 1.908043e-13
2.321000e+03 1.905959e-13
2.322000e+03 1.903878e-13
2.323000e+03 1.901800e-13
2.324000e+03 1.899725e-13
2.325000e+03 1.897654e-13
2.326000e+03 1.895586e-13
2.327000e+03 1.893520e-13
2.328000e+03 1.891458e-13
2.329000e+03 1.889399e-13
2.330000e+03 1.887344e-13
2.331000e+03 1.885291e-13
2.332000e+03 1.883241e-13
2.333000e+03 1.881195e-13
2.334000e+03 1.879151e-13
2.335000e+03 1.877111e-13
2.336000e+03 1.875074e-13
2.337000e+03 1.873040e-13
2.338000e+03 1.871009e-13
2.339000e+03 1.868981e-13
2.340000e+03 1.866956e-13
2.341000e+03 1.864934e-13
2.342000e+03 1.862915e-13
2.343000e+03 1.860899e-13
2.344000e+03 1.858887e-13
2.345000e+03 1.856877e-13
2.346000e+03 1.854870e-13
2.347000e+03 1.852867e-13
2.348000e+03 1.850866e-13
2.349000e+03 1.848869e-13
2.350000e+03 1.846874e-13
2.351000e+03 1.844882e-13
2.352000e+03 1.842894e-13
2.353000e+03 1.840908e-13
2.354000e+03 1.838926e-13
2.355000e+03 1.836946e-13
2.356000e+03 1.834969e-13
2.357000e+03 1.832995e-13
2.358000e+03 1.831025e-13
2.359000e+03 1.829057e-13
2.360000e+03 1.827092e-13
2.361000e+03 1.825130e-13
2.362000e+03 1.823171e-13
2.363000e+03 1.821215e-13
2.364000e+03 1.819262e-13
2.365000e+03 1.817312e-13
2.366000e+03 1.815364e-13
2.367000e+03 1.813420e-13
2.368000e+03 1.811478e-13
2.369000e+03 1.809540e-13
2.370000e+03 1.807604e-13
2.371000e+03 1.805671e-13
2.372000e+03 1.803741e-13
2.373000e+03 1.801814e-13
2.374000e+03 1.799890e-13
2.375000e+03 1.797969e-13
2.376000e+03 1.796050e-13
2.377000e+03 1.794135e-13
2.378000e+03 1.792222e-13
2.379000e+03 1.790312e-13
2.380000e+03 1.788405e-13
2.381000e+03 1.786501e-13
2.382000e+03 1.784599e-13
2.383000e+03 1.782701e-13
2.384000e+03 1.780805e-13
2.385000e+03 1.778912e-13
2.386000e+03 1.777022e-13
2.387000e+03 1.775134e-13
2.388000e+03 1.773250e-13
2.389000e+03 1.771368e-13
2.390000e+03 1.769489e-13
2.391000e+03 1.767613e-13
2.392000e+03 1.765739e-13
2.393000e+03 1.763869e-13
2.394000e+03 1.762001e-13
2.395000e+03 1.760135e-13
2.396000e+03 1.758273e-13
2.397000e+03 1.756413e-13
2.398000e+03 1.754556e-13
2.399000e+03 1.752702e-13
2.400000e+03 1.750851e-13
2.401000e+03 1.749002e-13
2.402000e+03 1.747156e-13
2.403000e+03 1.745313e-13
2.404000e+03 1.743472e-13
2.405000e+03 1.741634e-13
2.406000e+03 1.739799e-13
2.407000e+03 1.737966e-13
2.408000e+03 1.736137e-13
2.409000e+03 1.734309e-13
2.410000e+03 1.732485e-13
2.411000e+03 1.730663e-13
2.412000e+03 1.728844e-13
2.413000e+03 1.727028e-13
2.414000e+03 1.725214e-13
2.415000e+03 1.723403e-13
2.416000e+03 1.721594e-13
2.417000e+03 1.719789e-13
2.418000e+03 1.717985e-13
2.419000e+03 1.716185e-13
2.420000e+03 1.714387e-13
2.421000e+03 1.712592e-13
2.422000e+03 1.710799e-13
2.423000e+03 1.709009e-13
2.424000e+03 1.707221e-13
2.425000e+03 1.705437e-13
2.426000e+03 1.703654e-13
2.427000e+03 1.701875e-13
2.428000e+03 1.700098e-13
2.429000e+03 1.698323e-13
2.430000e+03 1.696551e-13
2.431000e+03 1.694782e-13
2.432000e+03 1.693015e-13
2.433000e+03 1.691251e-13
2.434000e+03 1.689489e-13
2.435000e+03 1.687730e-13
2.436000e+03 1.685974e-13
2.437000e+03 1.684220e-13
2.438000e+03 1.682468e-13
2.439000e+03 1.680720e-13
2.440000e+03 1.678973e-13
2.441000e+03 1.677229e-13
2.442000e+03 1.675488e-13
2.443000e+03 1.673749e-13
2.444000e+03 1.672013e-13
2.445000e+03 1.670279e-13
2.446000e+03 1.668548e-13
2.447000e+03 1.666819e-13
2.448000e+03 1.665093e-13
2.449000e+03 1.663369e-13
2.450000e+03 1.661648e-13
2.451000e+03 1.659929e-13
2.452000e+03 1.658213e-13
2.453000e+03 1.656499e-13
2.454000e+03 1.654788e-13
2.455000e+03 1.653079e-13
2.456000e+03 1.651373e-13
2.457000e+03 1.649669e-13
2.458000e+03 1.647967e-13
2.459000e+03 1.646268e-13
2.460000e+03 1.644571e-13
2.461000e+03 1.642877e-13
2.462000e+03 1.641185e-13
2.463000e+03 1.639496e-13
2.464000e+03 1.637809e-13
2.465000e+03 1.636125e-13
2.466000e+03 1.634443e-13
2.467000e+03 1.632763e-13
2.468000e+03 1.631086e-13
2.469000e+03 1.629411e-13
2.470000e+03 1.627738e-13
2.471000e+03 1.626068e-13
2.472000e+03 1.624401e-13
2.473000e+03 1.622735e-13
2.474000e+03 1.621072e-13
2.475000e+03 1.619412e-13
2.476000e+03 1.617754e-13
2.477000e+03 1.616098e-13
2.478000e+03 1.614444e-13
2.479000e+03 1.612793e-13
2.480000e+03 1.611145e-13
2.481000e+03 1.609498e-13
2.482000e+03 1.607854e-13
2.483000e+03 1.606212e-13
2.484000e+03 1.604573e-13
2.485000e+03 1.602936e-13
2.486000e+03 1.601301e-13
2.487000e+03 1.599669e-13
2.488000e+03 1.598039e-13
2.489000e+03 1.596411e-13
2.490000e+03 1.594786e-13
2.491000e+03 1.593162e-13
2.492000e+03 1.591542e-13
2.493000e+03 1.589923e-13
2.494000e+03 1.588307e-13
2.495000e+03 1.586693e-13
2.496000e+03 1.585081e-13
2.497000e+03 1.583472e-13
2.498000e+03 1.581865e-13
2.499000e+03 1.580260e-13
2.500000e+03 1.578657e-13
2.501000e+03 1.577057e-13
2.502000e+03 1.575459e-13
2.503000e+03 1.573863e-13
2.504000e+03 1.572270e-13
2.505000e+03 1.570678e-13
2.506000e+03 1.569089e-13
2.507000e+03 1.567503e-13
2.508000e+03 1.565918e-13
2.509000e+03 1.564336e-13
2.510000e+03 1.562756e-13
2.511000e+03 1.561178e-13
2.512000e+03 1.559602e-13
2.513000e+03 1.558029e-13
2.514000e+03 1.556458e-13
2.515000e+03 1.554889e-13
2.516000e+03 1.553322e-13
2.517000e+03 1.551757e-13
2.518000e+03 1.550195e-13
2.519000e+03 1.548634e-13
2.520000e+03 1.547076e-13
2.521000e+03 1.545521e-13
2.522000e+03 1.543967e-13
2.523000e+03 1.542415e-13
2.524000e+03 1.540866e-13
2.525000e+03 1.539319e-13
2.526000e+03 1.537774e-13
2.527000e+03 1.536231e-13
2.528000e+03 1.534691e-13
2.529000e+03 1.533152e-13
2.530000e+03 1.531616e-13
2.531000e+03 1.530081e-13
2.532000e+03 1.528549e-13
2.533000e+03 1.527019e-13
2.534000e+03 1.525492e-13
2.535000e+03 1.523966e-13
2.536000e+03 1.522442e-13
2.537000e+03 1.520921e-13
2.538000e+03 1.519402e-13
2.539000e+03 1.517885e-13
2.540000e+03 1.516369e-13
2.541000e+03 1.514857e-13
2.542000e+03 1.513346e-13
2.543000e+03 1.511837e-13
2.544000e+03 1.510330e-13
2.545000e+03 1.508826e-13
2.546000e+03 1.507323e-13
2.547000e+03 1.505823e-13
2.548000e+03 1.504324e-13
2.549000e+03 1.502828e-13
2.550000e+03 1.501334e-13
2.551000e+03 1.499842e-13
2.552000e+03 1.498352e-13
2.553000e+03 1.496864e-13
2.554000e+03 1.495378e-13
2.555000e+03 1.493894e-13
2.556000e+03 1.492412e-13
2.557000e+03 1.490933e-13
2.558000e+03 1.489455e-13
2.559000e+03 1.487979e-13
2.560000e+03 1.486506e-13
2.561000e+03 1.485034e-13
2.562000e+03 1.483565e-13
2.563000e+03 1.482097e-13
2.564000e+03 1.480632e-13
2.565000e+03 1.479168e-13
2.566000e+03 1.477707e-13
2.567000e+03 1.476247e-13
2.568000e+03 1.474790e-13
2.569000e+03 1.473334e-13
2.570000e+03 1.471881e-13
2.571000e+03 1.470429e-13
2.572000e+03 1.468980e-13
2.573000e+03 1.467532e-13
2.574000e+03 1.466087e-13
2.575000e+03 1.464643e-13
2.576000e+03 1.463202e-13
2.577000e+03 1.461762e-13
2.578000e+03 1.460325e-13
2.579000e+03 1.458889e-13
2.580000e+03 1.457456e-13
2.581000e+03 1.456024e-13
2.582000e+03 1.454594e-13
2.583000e+03 1.453167e-13
2.584000e+03 1.451741e-13
2.585000e+03 1.450317e-13
2.586000e+03 1.448895e-13
2.587000e+03 1.447475e-13
2.588000e+03 1.446057e-13
2.589000e+03 1.444641e-13
2.590000e+03 1.443227e-13
2.591000e+03 1.441815e-13
2.592000e+03 1.440404e-13
2.593000e+03 1.438996e-13
2.594000e+03 1.437590e-13
2.595000e+03 1.436185e-13
2.596000e+03 1.434783e-13
2.597000e+03 1.433382e-13
2.598000e+03 1.431983e-13
2.599000e+03 1.430586e-13
2.600000e+03 1.429191e-13
