# ell C_ell
2.000000e+00 4.505004e-06
3.000000e+00 1.615313e-06
4.000000e+00 7.802125e-07
5.000000e+00 4.436806e-07
6.000000e+00 2.797528e-07
7.000000e+00 1.894203e-07
8.000000e+00 1.351234e-07
9.000000e+00 1.003081e-07
1.000000e+01 7.684015e-08
1.100000e+01 6.037841e-08
1.200000e+01 4.844982e-08
1.300000e+01 3.956930e-08
1.400000e+01 3.280532e-08
1.500000e+01 2.755178e-08
1.600000e+01 2.340176e-08
1.700000e+01 2.007461e-08
1.800000e+01 1.737215e-08
1.900000e+01 1.515152e-08
2.000000e+01 1.330779e-08
2.100000e+01 1.176267e-08
2.200000e+01 1.045682e-08
2.300000e+01 9.344700e-09
2.400000e+01 8.390927e-09
2.500000e+01 7.567692e-09
2.600000e+01 6.852927e-09
2.700000e+01 6.228953e-09
2.800000e+01 5.681488e-09
2.900000e+01 5.198897e-09
3.000000e+01 4.771637e-09
3.100000e+01 4.391824e-09
3.200000e+01 4.052904e-09
3.300000e+01 3.749393e-09
3.400000e+01 3.476681e-09
3.500000e+01 3.230870e-09
3.600000e+01 3.008648e-09
3.700000e+01 2.807186e-09
3.800000e+01 2.624061e-09
3.900000e+01 2.457183e-09
4.000000e+01 2.304750e-09
4.100000e+01 2.165194e-09
4.200000e+01 2.037152e-09
4.300000e+01 1.919434e-09
4.400000e+01 1.810995e-09
4.500000e+01 1.710917e-09
4.600000e+01 1.618390e-09
4.700000e+01 1.532698e-09
4.800000e+01 1.453208e-09
4.900000e+01 1.379354e-09
5.000000e+01 1.310633e-09
5.100000e+01 1.246598e-09
5.200000e+01 1.186845e-09
5.300000e+01 1.131013e-09
5.400000e+01 1.078780e-09
5.500000e+01 1.029852e-09
5.600000e+01 9.839655e-10
5.700000e+01 9.408824e-10
5.800000e+01 9.003865e-10
5.900000e+01 8.622819e-10
6.000000e+01 8.263903e-10
6.100000e+01 7.925494e-10
6.200000e+01 7.606113e-10
6.300000e+01 7.304407e-10
6.400000e+01 7.019142e-10
6.500000e+01 6.749185e-10
6.600000e+01 6.493498e-10
6.700000e+01 6.251127e-10
6.800000e+01 6.021194e-10
6.900000e+01 5.802894e-10
7.000000e+01 5.595480e-10
7.100000e+01 5.398266e-10
7.200000e+01 5.210617e-10
7.300000e+01 5.031947e-10
7.400000e+01 4.861710e-10
7.500000e+01 4.699403e-10
7.600000e+01 4.544558e-10
7.700000e+01 4.396741e-10
7.800000e+01 4.255546e-10
7.900000e+01 4.120600e-10
8.000000e+01 3.991550e-10
8.100000e+01 3.868070e-10
8.200000e+01 3.749856e-10
8.300000e+01 3.636622e-10
8.400000e+01 3.528103e-10
8.500000e+01 3.424050e-10
8.600000e+01 3.324230e-10
8.700000e+01 3.228423e-10
8.800000e+01 3.136426e-10
8.900000e+01 3.048046e-10
9.000000e+01 2.963102e-10
9.100000e+01 2.881426e-10
9.200000e+01 2.802857e-10
9.300000e+01 2.727245e-10
9.400000e+01 2.654450e-10
9.500000e+01 2.584337e-10
9.600000e+01 2.516781e-10
9.700000e+01 2.451665e-10
9.800000e+01 2.388875e-10
9.900000e+01 2.328307e-10
1.000000e+02 2.269860e-10
1.010000e+02 2.213440e-10
1.020000e+02 2.158958e-10
1.030000e+02 2.106329e-10
1.040000e+02 2.055472e-10
1.050000e+02 2.006313e-10
1.060000e+02 1.958780e-10
1.070000e+02 1.912802e-10
1.080000e+02 1.868317e-10
1.090000e+02 1.825263e-10
1.100000e+02 1.783580e-10
1.110000e+02 1.743213e-10
1.120000e+02 1.704110e-10
1.130000e+02 1.666220e-10
1.140000e+02 1.629495e-10
1.150000e+02 1.593890e-10
1.160000e+02 1.559361e-10
1.170000e+02 1.525867e-10
1.180000e+02 1.493369e-10
1.190000e+02 1.461828e-10
1.200000e+02 1.431209e-10
1.210000e+02 1.401477e-10
1.220000e+02 1.372600e-10
1.230000e+02 1.344547e-10
1.240000e+02 1.317287e-10
1.250000e+02 1.290793e-10
1.260000e+02 1.265036e-10
1.270000e+02 1.239990e-10
1.280000e+02 1.215631e-10
1.290000e+02 1.191935e-10
1.300000e+02 1.168878e-10
1.310000e+02 1.146439e-10
1.320000e+02 1.124596e-10
1.330000e+02 1.103330e-10
1.340000e+02 1.082620e-10
1.350000e+02 1.062449e-10
1.360000e+02 1.042799e-10
1.370000e+02 1.023652e-10
1.380000e+02 1.004991e-10
1.390000e+02 9.868027e-11
1.400000e+02 9.690699e-11
1.410000e+02 9.517786e-11
1.420000e+02 9.349149e-11
1.430000e+02 9.184651e-11
1.440000e+02 9.024164e-11
1.450000e+02 8.867562e-11
1.460000e+02 8.714727e-11
1.470000e+02 8.565543e-11
1.480000e+02 8.419898e-11
1.490000e+02 8.277685e-11
1.500000e+02 8.138802e-11
1.510000e+02 8.003148e-11
1.520000e+02 7.870629e-11
1.530000e+02 7.741151e-11
1.540000e+02 7.614627e-11
1.550000e+02 7.490969e-11
1.560000e+02 7.370096e-11
1.570000e+02 7.251926e-11
1.580000e+02 7.136384e-11
1.590000e+02 7.023394e-11
1.600000e+02 6.912885e-11
1.610000e+02 6.804787e-11
1.620000e+02 6.699033e-11
1.630000e+02 6.595558e-11
1.640000e+02 6.494300e-11
1.650000e+02 6.395198e-11
1.660000e+02 6.298193e-11
1.670000e+02 6.203229e-11
1.680000e+02 6.110252e-11
1.690000e+02 6.019207e-11
1.700000e+02 5.930044e-11
1.710000e+02 5.842713e-11
1.720000e+02 5.757167e-11
1.730000e+02 5.673358e-11
1.740000e+02 5.591241e-11
1.750000e+02 5.510774e-11
1.760000e+02 5.431913e-11
1.770000e+02 5.354618e-11
1.780000e+02 5.278850e-11
1.790000e+02 5.204568e-11
1.800000e+02 5.131738e-11
1.810000e+02 5.060321e-11
1.820000e+02 4.990284e-11
1.830000e+02 4.921592e-11
1.840000e+02 4.854212e-11
1.850000e+02 4.788112e-11
1.860000e+02 4.723261e-11
1.870000e+02 4.659630e-11
1.880000e+02 4.597188e-11
1.890000e+02 4.535908e-11
1.900000e+02 4.475761e-11
1.910000e+02 4.416722e-11
1.920000e+02 4.358763e-11
1.930000e+02 4.301861e-11
1.940000e+02 4.245989e-11
1.950000e+02 4.191125e-11
1.960000e+02 4.137245e-11
1.970000e+02 4.084326e-11
1.980000e+02 4.032348e-11
1.990000e+02 3.981287e-11
2.000000e+02 3.931124e-11
2.010000e+02 3.881839e-11
2.020000e+02 3.833412e-11
2.030000e+02 3.785823e-11
2.040000e+02 3.739055e-11
2.050000e+02 3.693089e-11
2.060000e+02 3.647908e-11
2.070000e+02 3.603494e-11
2.080000e+02 3.559831e-11
2.090000e+02 3.516903e-11
2.100000e+02 3.474694e-11
2.110000e+02 3.433188e-11
2.120000e+02 3.392371e-11
2.130000e+02 3.352228e-11
2.140000e+02 3.312744e-11
2.150000e+02 3.273907e-11
2.160000e+02 3.235701e-11
2.170000e+02 3.198115e-11
2.180000e+02 3.161136e-11
2.190000e+02 3.124750e-11
2.200000e+02 3.088946e-11
2.210000e+02 3.053712e-11
2.220000e+02 3.019036e-11
2.230000e+02 2.984907e-11
2.240000e+02 2.951314e-11
2.250000e+02 2.918246e-11
2.260000e+02 2.885693e-11
2.270000e+02 2.853644e-11
2.280000e+02 2.822090e-11
2.290000e+02 2.791021e-11
2.300000e+02 2.760427e-11
2.310000e+02 2.730298e-11
2.320000e+02 2.700627e-11
2.330000e+02 2.671403e-11
2.340000e+02 2.642619e-11
2.350000e+02 2.614266e-11
2.360000e+02 2.586335e-11
2.370000e+02 2.558819e-11
2.380000e+02 2.531710e-11
2.390000e+02 2.505000e-11
2.400000e+02 2.478682e-11
2.410000e+02 2.452747e-11
2.420000e+02 2.427190e-11
2.430000e+02 2.402003e-11
2.440000e+02 2.377179e-11
2.450000e+02 2.352712e-11
2.460000e+02 2.328594e-11
2.470000e+02 2.304820e-11
2.480000e+02 2.281384e-11
2.490000e+02 2.258278e-11
2.500000e+02 2.235498e-11
2.510000e+02 2.213037e-11
2.520000e+02 2.190890e-11
2.530000e+02 2.169051e-11
2.540000e+02 2.147514e-11
2.550000e+02 2.126275e-11
2.560000e+02 2.105327e-11
2.570000e+02 2.084667e-11
2.580000e+02 2.064288e-11
2.590000e+02 2.044186e-11
2.600000e+02 2.024356e-11
2.610000e+02 2.004794e-11
2.620000e+02 1.985494e-11
2.630000e+02 1.966453e-11
2.640000e+02 1.947665e-11
2.650000e+02 1.929127e-11
2.660000e+02 1.910834e-11
2.670000e+02 1.892783e-11
2.680000e+02 1.874968e-11
2.690000e+02 1.857387e-11
2.700000e+02 1.840034e-11
2.710000e+02 1.822907e-11
2.720000e+02 1.806002e-11
2.730000e+02 1.789315e-11
2.740000e+02 1.772842e-11
2.750000e+02 1.756579e-11
2.760000e+02 1.740525e-11
2.770000e+02 1.724674e-11
2.780000e+02 1.709024e-11
2.790000e+02 1.693571e-11
2.800000e+02 1.678313e-11
2.810000e+02 1.663246e-11
2.820000e+02 1.648366e-11
2.830000e+02 1.633672e-11
2.840000e+02 1.619160e-11
2.850000e+02 1.604828e-11
2.860000e+02 1.590671e-11
2.870000e+02 1.576689e-11
2.880000e+02 1.562877e-11
2.890000e+02 1.549233e-11
2.900000e+02 1.535755e-11
2.910000e+02 1.522440e-11
2.920000e+02 1.509286e-11
2.930000e+02 1.496290e-11
2.940000e+02 1.483449e-11
2.950000e+02 1.470762e-11
2.960000e+02 1.458225e-11
2.970000e+02 1.445837e-11
2.980000e+02 1.433596e-11
2.990000e+02 1.421498e-11
3.000000e+02 1.409543e-11
3.010000e+02 1.397727e-11
3.020000e+02 1.386049e-11
3.030000e+02 1.374507e-11
3.040000e+02 1.363098e-11
3.050000e+02 1.351822e-11
3.060000e+02 1.340674e-11
3.070000e+02 1.329655e-11
3.080000e+02 1.318762e-11
3.090000e+02 1.307993e-11
3.100000e+02 1.297346e-11
3.110000e+02 1.286820e-11
3.120000e+02 1.276412e-11
3.130000e+02 1.266122e-11
3.140000e+02 1.255947e-11
3.150000e+02 1.245885e-11
3.160000e+02 1.235936e-11
3.170000e+02 1.226097e-11
3.180000e+02 1.216367e-11
3.190000e+02 1.206745e-11
3.200000e+02 1.197229e-11
3.210000e+02 1.187817e-11
3.220000e+02 1.178507e-11
3.230000e+02 1.169300e-11
3.240000e+02 1.160192e-11
3.250000e+02 1.151183e-11
3.260000e+02 1.142271e-11
3.270000e+02 1.133456e-11
3.280000e+02 1.124735e-11
3.290000e+02 1.116107e-11
3.300000e+02 1.107571e-11
3.310000e+02 1.099127e-11
3.320000e+02 1.090771e-11
3.330000e+02 1.082505e-11
3.340000e+02 1.074325e-11
3.350000e+02 1.066231e-11
3.360000e+02 1.058222e-11
3.370000e+02 1.050297e-11
3.380000e+02 1.042454e-11
3.390000e+02 1.034693e-11
3.400000e+02 1.027012e-11
3.410000e+02 1.019411e-11
3.420000e+02 1.011888e-11
3.430000e+02 1.004442e-11
3.440000e+02 9.970721e-12
3.450000e+02 9.897777e-12
3.460000e+02 9.825574e-12
3.470000e+02 9.754105e-12
3.480000e+02 9.683359e-12
3.490000e+02 9.613326e-12
3.500000e+02 9.543999e-12
3.510000e+02 9.475367e-12
3.520000e+02 9.407422e-12
3.530000e+02 9.340154e-12
3.540000e+02 9.273556e-12
3.550000e+02 9.207619e-12
3.560000e+02 9.142334e-12
3.570000e+02 9.077693e-12
3.580000e+02 9.013688e-12
3.590000e+02 8.950310e-12
3.600000e+02 8.887553e-12
3.610000e+02 8.825409e-12
3.620000e+02 8.763869e-12
3.630000e+02 8.702926e-12
3.640000e+02 8.642572e-12
3.650000e+02 8.582801e-12
3.660000e+02 8.523606e-12
3.670000e+02 8.464978e-12
3.680000e+02 8.406912e-12
3.690000e+02 8.349400e-12
3.700000e+02 8.292435e-12
3.710000e+02 8.236011e-12
3.720000e+02 8.180122e-12
3.730000e+02 8.124760e-12
3.740000e+02 8.069920e-12
3.750000e+02 8.015594e-12
3.760000e+02 7.961778e-12
3.770000e+02 7.908464e-12
3.780000e+02 7.855648e-12
3.790000e+02 7.803322e-12
3.800000e+02 7.751481e-12
3.810000e+02 7.700120e-12
3.820000e+02 7.649232e-12
3.830000e+02 7.598812e-12
3.840000e+02 7.548855e-12
3.850000e+02 7.499355e-12
3.860000e+02 7.450306e-12
3.870000e+02 7.401704e-12
3.880000e+02 7.353543e-12
3.890000e+02 7.305819e-12
3.900000e+02 7.258525e-12
3.910000e+02 7.211658e-12
3.920000e+02 7.165211e-12
3.930000e+02 7.119181e-12
3.940000e+02 7.073563e-12
3.950000e+02 7.028351e-12
3.960000e+02 6.983542e-12
3.970000e+02 6.939130e-12
3.980000e+02 6.895111e-12
3.990000e+02 6.851481e-12
4.000000e+02 6.808236e-12
4.010000e+02 6.765370e-12
4.020000e+02 6.722879e-12
4.030000e+02 6.680761e-12
4.040000e+02 6.639009e-12
4.050000e+02 6.597621e-12
4.060000e+02 6.556592e-12
4.070000e+02 6.515918e-12
4.080000e+02 6.475595e-12
4.090000e+02 6.435619e-12
4.100000e+02 6.395987e-12
4.110000e+02 6.356695e-12
4.120000e+02 6.317739e-12
4.130000e+02 6.279115e-12
4.140000e+02 6.240820e-12
4.150000e+02 6.202849e-12
4.160000e+02 6.165201e-12
4.170000e+02 6.127870e-12
4.180000e+02 6.090854e-12
4.190000e+02 6.054150e-12
4.200000e+02 6.017753e-12
4.210000e+02 5.981661e-12
4.220000e+02 5.945870e-12
4.230000e+02 5.910377e-12
4.240000e+02 5.875179e-12
4.250000e+02 5.840273e-12
4.260000e+02 5.805656e-12
4.270000e+02 5.771324e-12
4.280000e+02 5.737275e-12
4.290000e+02 5.703506e-12
4.300000e+02 5.670013e-12
4.310000e+02 5.636794e-12
4.320000e+02 5.603846e-12
4.330000e+02 5.571166e-12
4.340000e+02 5.538752e-12
4.350000e+02 5.506600e-12
4.360000e+02 5.474707e-12
4.370000e+02 5.443072e-12
4.380000e+02 5.411692e-12
4.390000e+02 5.380563e-12
4.400000e+02 5.349683e-12
4.410000e+02 5.319051e-12
4.420000e+02 5.288662e-12
4.430000e+02 5.258515e-12
4.440000e+02 5.228608e-12
4.450000e+02 5.198937e-12
4.460000e+02 5.169500e-12
4.470000e+02 5.140296e-12
4.480000e+02 5.111321e-12
4.490000e+02 5.082574e-12
4.500000e+02 5.054052e-12
4.510000e+02 5.025753e-12
4.520000e+02 4.997674e-12
4.530000e+02 4.969814e-12
4.540000e+02 4.942170e-12
4.550000e+02 4.914739e-12
4.560000e+02 4.887521e-12
4.570000e+02 4.860513e-12
4.580000e+02 4.833713e-12
4.590000e+02 4.807118e-12
4.600000e+02 4.780727e-12
4.610000e+02 4.754538e-12
4.620000e+02 4.728549e-12
4.630000e+02 4.702757e-12
4.640000e+02 4.677161e-12
4.650000e+02 4.651759e-12
4.660000e+02 4.626550e-12
4.670000e+02 4.601530e-12
4.680000e+02 4.576699e-12
4.690000e+02 4.552054e-12
4.700000e+02 4.527595e-12
4.710000e+02 4.503318e-12
4.720000e+02 4.479222e-12
4.730000e+02 4.455306e-12
4.740000e+02 4.431568e-12
4.750000e+02 4.408006e-12
4.760000e+02 4.384618e-12
4.770000e+02 4.361403e-12
4.780000e+02 4.338360e-12
4.790000e+02 4.315485e-12
4.800000e+02 4.292779e-12
4.810000e+02 4.270239e-12
4.820000e+02 4.247864e-12
4.830000e+02 4.225652e-12
4.840000e+02 4.203602e-12
4.850000e+02 4.181712e-12
4.860000e+02 4.159981e-12
4.870000e+02 4.138407e-12
4.880000e+02 4.116989e-12
4.890000e+02 4.095725e-12
4.900000e+02 4.074614e-12
4.910000e+02 4.053655e-12
4.920000e+02 4.032845e-12
4.930000e+02 4.012185e-12
4.940000e+02 3.991672e-12
4.950000e+02 3.971305e-12
4.960000e+02 3.951082e-12
4.970000e+02 3.931003e-12
4.980000e+02 3.911067e-12
4.990000e+02 3.891271e-12
5.000000e+02 3.871614e-12
5.010000e+02 3.852096e-12
5.020000e+02 3.832715e-12
5.030000e+02 3.813469e-12
5.040000e+02 3.794358e-12
5.050000e+02 3.775381e-12
5.060000e+02 3.756535e-12
5.070000e+02 3.737821e-12
5.080000e+02 3.719237e-12
5.090000e+02 3.700781e-12
5.100000e+02 3.682452e-12
5.110000e+02 3.664251e-12
5.120000e+02 3.646174e-12
5.130000e+02 3.628222e-12
5.140000e+02 3.610392e-12
5.150000e+02 3.592685e-12
5.160000e+02 3.575099e-12
5.170000e+02 3.557632e-12
5.180000e+02 3.540285e-12
5.190000e+02 3.523055e-12
5.200000e+02 3.505942e-12
5.210000e+02 3.488945e-12
5.220000e+02 3.472062e-12
5.230000e+02 3.455293e-12
5.240000e+02 3.438637e-12
5.250000e+02 3.422093e-12
5.260000e+02 3.405660e-12
5.270000e+02 3.389337e-12
5.280000e+02 3.373122e-12
5.290000e+02 3.357016e-12
5.300000e+02 3.341016e-12
5.310000e+02 3.325123e-12
5.320000e+02 3.309336e-12
5.330000e+02 3.293652e-12
5.340000e+02 3.278072e-12
5.350000e+02 3.262595e-12
5.360000e+02 3.247220e-12
5.370000e+02 3.231945e-12
5.380000e+02 3.216770e-12
5.390000e+02 3.201695e-12
5.400000e+02 3.186718e-12
5.410000e+02 3.171839e-12
5.420000e+02 3.157057e-12
5.430000e+02 3.142370e-12
5.440000e+02 3.127779e-12
5.450000e+02 3.113281e-12
5.460000e+02 3.098878e-12
5.470000e+02 3.084567e-12
5.480000e+02 3.070349e-12
5.490000e+02 3.056221e-12
5.500000e+02 3.042185e-12
5.510000e+02 3.028238e-12
5.520000e+02 3.014380e-12
5.530000e+02 3.000610e-12
5.540000e+02 2.986928e-12
5.550000e+02 2.973333e-12
5.560000e+02 2.959824e-12
5.570000e+02 2.946401e-12
5.580000e+02 2.933062e-12
5.590000e+02 2.919807e-12
5.600000e+02 2.906636e-12
5.610000e+02 2.893548e-12
5.620000e+02 2.880542e-12
5.630000e+02 2.867617e-12
5.640000e+02 2.854773e-12
5.650000e+02 2.842009e-12
5.660000e+02 2.829324e-12
5.670000e+02 2.816719e-12
5.680000e+02 2.804191e-12
5.690000e+02 2.791741e-12
5.700000e+02 2.779369e-12
5.710000e+02 2.767072e-12
5.720000e+02 2.754852e-12
5.730000e+02 2.742706e-12
5.740000e+02 2.730635e-12
5.750000e+02 2.718638e-12
5.760000e+02 2.706715e-12
5.770000e+02 2.694864e-12
5.780000e+02 2.683086e-12
5.790000e+02 2.671379e-12
5.800000e+02 2.659744e-12
5.810000e+02 2.648179e-12
5.820000e+02 2.636684e-12
5.830000e+02 2.625259e-12
5.840000e+02 2.613902e-12
5.850000e+02 2.602614e-12
5.860000e+02 2.591394e-12
5.870000e+02 2.580242e-12
5.880000e+02 2.569156e-12
5.890000e+02 2.558136e-12
5.900000e+02 2.547183e-12
5.910000e+02 2.536294e-12
5.920000e+02 2.525471e-12
5.930000e+02 2.514712e-12
5.940000e+02 2.504017e-12
5.950000e+02 2.493385e-12
5.960000e+02 2.482816e-12
5.970000e+02 2.472309e-12
5.980000e+02 2.461864e-12
5.990000e+02 2.451481e-12
6.000000e+02 2.441159e-12
6.010000e+02 2.430897e-12
6.020000e+02 2.420696e-12
6.030000e+02 2.410554e-12
6.040000e+02 2.400471e-12
6.050000e+02 2.390447e-12
6.060000e+02 2.380481e-12
6.070000e+02 2.370573e-12
6.080000e+02 2.360723e-12
6.090000e+02 2.350929e-12
6.100000e+02 2.341193e-12
6.110000e+02 2.331512e-12
6.120000e+02 2.321887e-12
6.130000e+02 2.312318e-12
6.140000e+02 2.302803e-12
6.150000e+02 2.293343e-12
6.160000e+02 2.283937e-12
6.170000e+02 2.274585e-12
6.180000e+02 2.265286e-12
6.190000e+02 2.256041e-12
6.200000e+02 2.246847e-12
6.210000e+02 2.237706e-12
6.220000e+02 2.228617e-12
6.230000e+02 2.219579e-12
6.240000e+02 2.210592e-12
6.250000e+02 2.201656e-12
6.260000e+02 2.192771e-12
6.270000e+02 2.183935e-12
6.280000e+02 2.175149e-12
6.290000e+02 2.166412e-12
6.300000e+02 2.157724e-12
6.310000e+02 2.149084e-12
6.320000e+02 2.140493e-12
6.330000e+02 2.131949e-12
6.340000e+02 2.123453e-12
6.350000e+02 2.115004e-12
6.360000e+02 2.106602e-12
6.370000e+02 2.098247e-12
6.380000e+02 2.089938e-12
6.390000e+02 2.081674e-12
6.400000e+02 2.073456e-12
6.410000e+02 2.065283e-12
6.420000e+02 2.057156e-12
6.430000e+02 2.049072e-12
6.440000e+02 2.041033e-12
6.450000e+02 2.033038e-12
6.460000e+02 2.025087e-12
6.470000e+02 2.017178e-12
6.480000e+02 2.009313e-12
6.490000e+02 2.001491e-12
6.500000e+02 1.993711e-12
6.510000e+02 1.985973e-12
6.520000e+02 1.978277e-12
6.530000e+02 1.970623e-12
6.540000e+02 1.963009e-12
6.550000e+02 1.955437e-12
6.560000e+02 1.947906e-12
6.570000e+02 1.940414e-12
6.580000e+02 1.932963e-12
6.590000e+02 1.925552e-12
6.600000e+02 1.918181e-12
6.610000e+02 1.910849e-12
6.620000e+02 1.903555e-12
6.630000e+02 1.896301e-12
6.640000e+02 1.889085e-12
6.650000e+02 1.881908e-12
6.660000e+02 1.874768e-12
6.670000e+02 1.867666e-12
6.680000e+02 1.860602e-12
6.690000e+02 1.853574e-12
6.700000e+02 1.846584e-12
6.710000e+02 1.839631e-12
6.720000e+02 1.832714e-12
6.730000e+02 1.825833e-12
6.740000e+02 1.818988e-12
6.750000e+02 1.812179e-12
6.760000e+02 1.805406e-12
6.770000e+02 1.798668e-12
6.780000e+02 1.791964e-12
6.790000e+02 1.785296e-12
6.800000e+02 1.778662e-12
6.810000e+02 1.772063e-12
6.820000e+02 1.765497e-12
6.830000e+02 1.758966e-12
6.840000e+02 1.752468e-12
6.850000e+02 1.746004e-12
6.860000e+02 1.739573e-12
6.870000e+02 1.733175e-12
6.880000e+02 1.726809e-12
6.890000e+02 1.720476e-12
6.900000e+02 1.714176e-12
6.910000e+02 1.707908e-12
6.920000e+02 1.701672e-12
6.930000e+02 1.695467e-12
6.940000e+02 1.689294e-12
6.950000e+02 1.683152e-12
6.960000e+02 1.677041e-12
6.970000e+02 1.670962e-12
6.980000e+02 1.664913e-12
6.990000e+02 1.658894e-12
7.000000e+02 1.652906e-12
7.010000e+02 1.646948e-12
7.020000e+02 1.641020e-12
7.030000e+02 1.635121e-12
7.040000e+02 1.629252e-12
7.050000e+02 1.623413e-12
7.060000e+02 1.617603e-12
7.070000e+02 1.611821e-12
7.080000e+02 1.606069e-12
7.090000e+02 1.600345e-12
7.100000e+02 1.594649e-12
7.110000e+02 1.588982e-12
7.120000e+02 1.583342e-12
7.130000e+02 1.577731e-12
7.140000e+02 1.572147e-12
7.150000e+02 1.566591e-12
7.160000e+02 1.561062e-12
7.170000e+02 1.555561e-12
7.180000e+02 1.550086e-12
7.190000e+02 1.544639e-12
7.200000e+02 1.539218e-12
7.210000e+02 1.533823e-12
7.220000e+02 1.528455e-12
7.230000e+02 1.523113e-12
7.240000e+02 1.517797e-12
7.250000e+02 1.512507e-12
7.260000e+02 1.507242e-12
7.270000e+02 1.502003e-12
7.280000e+02 1.496790e-12
7.290000e+02 1.491601e-12
7.300000e+02 1.486438e-12
7.310000e+02 1.481300e-12
7.320000e+02 1.476186e-12
7.330000e+02 1.471097e-12
7.340000e+02 1.466033e-12
7.350000e+02 1.460992e-12
7.360000e+02 1.455976e-12
7.370000e+02 1.450984e-12
7.380000e+02 1.446016e-12
7.390000e+02 1.441071e-12
7.400000e+02 1.436150e-12
7.410000e+02 1.431253e-12
7.420000e+02 1.426378e-12
7.430000e+02 1.421527e-12
7.440000e+02 1.416699e-12
7.450000e+02 1.411894e-12
7.460000e+02 1.407111e-12
7.470000e+02 1.402351e-12
7.480000e+02 1.397613e-12
7.490000e+02 1.392898e-12
7.500000e+02 1.388205e-12
7.510000e+02 1.383534e-12
7.520000e+02 1.378884e-12
7.530000e+02 1.374257e-12
7.540000e+02 1.369651e-12
7.550000e+02 1.365067e-12
7.560000e+02 1.360504e-12
7.570000e+02 1.355962e-12
7.580000e+02 1.351442e-12
7.590000e+02 1.346942e-12
7.600000e+02 1.342463e-12
7.610000e+02 1.338006e-12
7.620000e+02 1.333568e-12
7.630000e+02 1.329152e-12
7.640000e+02 1.324755e-12
7.650000e+02 1.320379e-12
7.660000e+02 1.316023e-12
7.670000e+02 1.311687e-12
7.680000e+02 1.307371e-12
7.690000e+02 1.303075e-12
7.700000e+02 1.298798e-12
7.710000e+02 1.294541e-12
7.720000e+02 1.290304e-12
7.730000e+02 1.286085e-12
7.740000e+02 1.281886e-12
7.750000e+02 1.277706e-12
7.760000e+02 1.273545e-12
7.770000e+02 1.269403e-12
7.780000e+02 1.265280e-12
7.790000e+02 1.261175e-12
7.800000e+02 1.257089e-12
7.810000e+02 1.253022e-12
7.820000e+02 1.248972e-12
7.830000e+02 1.244941e-12
7.840000e+02 1.240929e-12
7.850000e+02 1.236934e-12
7.860000e+02 1.232957e-12
7.870000e+02 1.228998e-12
7.880000e+02 1.225056e-12
7.890000e+02 1.221132e-12
7.900000e+02 1.217226e-12
7.910000e+02 1.213337e-12
7.920000e+02 1.209466e-12
7.930000e+02 1.205611e-12
7.940000e+02 1.201774e-12
7.950000e+02 1.197954e-12
7.960000e+02 1.194151e-12
7.970000e+02 1.190364e-12
7.980000e+02 1.186594e-12
7.990000e+02 1.182841e-12
8.000000e+02 1.179105e-12
8.010000e+02 1.175385e-12
8.020000e+02 1.171681e-12
8.030000e+02 1.167993e-12
8.040000e+02 1.164322e-12
8.050000e+02 1.160667e-12
8.060000e+02 1.157028e-12
8.070000e+02 1.153404e-12
8.080000e+02 1.149797e-12
8.090000e+02 1.146205e-12
8.100000e+02 1.142629e-12
8.110000e+02 1.139068e-12
8.120000e+02 1.135523e-12
8.130000e+02 1.131993e-12
8.140000e+02 1.128479e-12
8.150000e+02 1.124979e-12
8.160000e+02 1.121495e-12
8.170000e+02 1.118026e-12
8.180000e+02 1.114572e-12
8.190000e+02 1.111133e-12
8.200000e+02 1.107708e-12
8.210000e+02 1.104298e-12
8.220000e+02 1.100903e-12
8.230000e+02 1.097523e-12
8.240000e+02 1.094157e-12
8.250000e+02 1.090805e-12
8.260000e+02 1.087467e-12
8.270000e+02 1.084144e-12
8.280000e+02 1.080835e-12
8.290000e+02 1.077540e-12
8.300000e+02 1.074259e-12
8.310000e+02 1.070992e-12
8.320000e+02 1.067739e-12
8.330000e+02 1.064499e-12
8.340000e+02 1.061274e-12
8.350000e+02 1.058061e-12
8.360000e+02 1.054863e-12
8.370000e+02 1.051678e-12
8.380000e+02 1.048506e-12
8.390000e+02 1.045348e-12
8.400000e+02 1.042203e-12
8.410000e+02 1.039071e-12
8.420000e+02 1.035952e-12
8.430000e+02 1.032846e-12
8.440000e+02 1.029753e-12
8.450000e+02 1.026673e-12
8.460000e+02 1.023606e-12
8.470000e+02 1.020552e-12
8.480000e+02 1.017511e-12
8.490000e+02 1.014482e-12
8.500000e+02 1.011465e-12
8.510000e+02 1.008461e-12
8.520000e+02 1.005470e-12
8.530000e+02 1.002491e-12
8.540000e+02 9.995241e-13
8.550000e+02 9.965696e-13
8.560000e+02 9.936272e-13
8.570000e+02 9.906969e-13
8.580000e+02 9.877787e-13
8.590000e+02 9.848725e-13
8.600000e+02 9.819782e-13
8.610000e+02 9.790957e-13
8.620000e+02 9.762251e-13
8.630000e+02 9.733661e-13
8.640000e+02 9.705189e-13
8.650000e+02 9.676832e-13
8.660000e+02 9.648591e-13
8.670000e+02 9.620465e-13
8.680000e+02 9.592453e-13
8.690000e+02 9.564555e-13
8.700000e+02 9.536769e-13
8.710000e+02 9.509097e-13
8.720000e+02 9.481536e-13
8.730000e+02 9.454086e-13
8.740000e+02 9.426748e-13
8.750000e+02 9.399519e-13
8.760000e+02 9.372400e-13
8.770000e+02 9.345390e-13
8.780000e+02 9.318489e-13
8.790000e+02 9.291696e-13
8.800000e+02 9.265009e-13
8.810000e+02 9.238430e-13
8.820000e+02 9.211957e-13
8.830000e+02 9.185590e-13
8.840000e+02 9.159328e-13
8.850000e+02 9.133170e-13
8.860000e+02 9.107117e-13
8.870000e+02 9.081167e-13
8.880000e+02 9.055321e-13
8.890000e+02 9.029577e-13
8.900000e+02 9.003934e-13
8.910000e+02 8.978394e-13
8.920000e+02 8.952954e-13
8.930000e+02 8.927615e-13
8.940000e+02 8.902376e-13
8.950000e+02 8.877236e-13
8.960000e+02 8.852195e-13
8.970000e+02 8.827253e-13
8.980000e+02 8.802408e-13
8.990000e+02 8.777661e-13
9.000000e+02 8.753011e-13
9.010000e+02 8.728458e-13
9.020000e+02 8.704000e-13
9.030000e+02 8.679638e-13
9.040000e+02 8.655371e-13
9.050000e+02 8.631199e-13
9.060000e+02 8.607120e-13
9.070000e+02 8.583136e-13
9.080000e+02 8.559244e-13
9.090000e+02 8.535445e-13
9.100000e+02 8.511739e-13
9.110000e+02 8.488124e-13
9.120000e+02 8.464600e-13
9.130000e+02 8.441168e-13
9.140000e+02 8.417825e-13
9.150000e+02 8.394573e-13
9.160000e+02 8.371410e-13
9.170000e+02 8.348337e-13
9.180000e+02 8.325352e-13
9.190000e+02 8.302455e-13
9.200000e+02 8.279646e-13
9.210000e+02 8.256924e-13
9.220000e+02 8.234289e-13
9.230000e+02 8.211741e-13
9.240000e+02 8.189279e-13
9.250000e+02 8.166902e-13
9.260000e+02 8.144611e-13
9.270000e+02 8.122404e-13
9.280000e+02 8.100282e-13
9.290000e+02 8.078243e-13
9.300000e+02 8.056289e-13
9.310000e+02 8.034417e-13
9.320000e+02 8.012629e-13
9.330000e+02 7.990922e-13
9.340000e+02 7.969298e-13
9.350000e+02 7.947755e-13
9.360000e+02 7.926293e-13
9.370000e+02 7.904912e-13
9.380000e+02 7.883612e-13
9.390000e+02 7.862391e-13
9.400000e+02 7.841250e-13
9.410000e+02 7.820189e-13
9.420000e+02 7.799206e-13
9.430000e+02 7.778302e-13
9.440000e+02 7.757475e-13
9.450000e+02 7.736727e-13
9.460000e+02 7.716056e-13
9.470000e+02 7.695462e-13
9.480000e+02 7.674944e-13
9.490000e+02 7.654503e-13
9.500000e+02 7.634137e-13
9.510000e+02 7.613847e-13
9.520000e+02 7.593633e-13
9.530000e+02 7.573493e-13
9.540000e+02 7.553427e-13
9.550000e+02 7.533436e-13
9.560000e+02 7.513518e-13
9.570000e+02 7.493674e-13
9.580000e+02 7.473903e-13
9.590000e+02 7.454204e-13
9.600000e+02 7.434578e-13
9.610000e+02 7.415024e-13
9.620000e+02 7.395542e-13
9.630000e+02 7.376131e-13
9.640000e+02 7.356791e-13
9.650000e+02 7.337521e-13
9.660000e+02 7.318322e-13
9.670000e+02 7.299193e-13
9.680000e+02 7.280134e-13
9.690000e+02 7.261144e-13
9.700000e+02 7.242223e-13
9.710000e+02 7.223371e-13
9.720000e+02 7.204587e-13
9.730000e+02 7.185872e-13
9.740000e+02 7.167224e-13
9.750000e+02 7.148643e-13
9.760000e+02 7.130130e-13
9.770000e+02 7.111684e-13
9.780000e+02 7.093304e-13
9.790000e+02 7.074990e-13
9.800000e+02 7.056742e-13
9.810000e+02 7.038560e-13
9.820000e+02 7.020443e-13
9.830000e+02 7.002391e-13
9.840000e+02 6.984404e-13
9.850000e+02 6.966481e-13
9.860000e+02 6.948623e-13
9.870000e+02 6.930828e-13
9.880000e+02 6.913096e-13
9.890000e+02 6.895428e-13
9.900000e+02 6.877823e-13
9.910000e+02 6.860281e-13
9.920000e+02 6.842800e-13
9.930000e+02 6.825382e-13
9.940000e+02 6.808026e-13
9.950000e+02 6.790731e-13
9.960000e+02 6.773498e-13
9.970000e+02 6.756325e-13
9.980000e+02 6.739213e-13
9.990000e+02 6.722162e-13
1.000000e+03 6.705171e-13
1.001000e+03 6.688239e-13
1.002000e+03 6.671367e-13
1.003000e+03 6.654555e-13
1.004000e+03 6.637801e-13
1.005000e+03 6.621107e-13
1.006000e+03 6.604471e-13
1.007000e+03 6.587893e-13
1.008000e+03 6.571373e-13
1.009000e+03 6.554911e-13
1.010000e+03 6.538506e-13
1.011000e+03 6.522159e-13
1.012000e+03 6.505868e-13
1.013000e+03 6.489635e-13
1.014000e+03 6.473457e-13
1.015000e+03 6.457336e-13
1.016000e+03 6.441271e-13
1.017000e+03 6.425262e-13
1.018000e+03 6.409308e-13
1.019000e+03 6.393409e-13
1.020000e+03 6.377566e-13
1.021000e+03 6.361777e-13
1.022000e+03 6.346042e-13
1.023000e+03 6.330362e-13
1.024000e+03 6.314736e-13
1.025000e+03 6.299163e-13
1.026000e+03 6.283644e-13
1.027000e+03 6.268179e-13
1.028000e+03 6.252766e-13
1.029000e+03 6.237406e-13
1.030000e+03 6.222099e-13
1.031000e+03 6.206844e-13
1.032000e+03 6.191642e-13
1.033000e+03 6.176491e-13
1.034000e+03 6.161392e-13
1.035000e+03 6.146344e-13
1.036000e+03 6.131348e-13
1.037000e+03 6.116403e-13
1.038000e+03 6.101508e-13
1.039000e+03 6.086664e-13
1.040000e+03 6.071870e-13
1.041000e+03 6.057127e-13
1.042000e+03 6.042433e-13
1.043000e+03 6.027789e-13
1.044000e+03 6.013195e-13
1.045000e+03 5.998649e-13
1.046000e+03 5.984153e-13
1.047000e+03 5.969706e-13
1.048000e+03 5.955307e-13
1.049000e+03 5.940957e-13
1.050000e+03 5.926655e-13
1.051000e+03 5.912400e-13
1.052000e+03 5.898194e-13
1.053000e+03 5.884035e-13
1.054000e+03 5.869924e-13
1.055000e+03 5.855860e-13
1.056000e+03 5.841842e-13
1.057000e+03 5.827872e-13
1.058000e+03 5.813948e-13
1.059000e+03 5.800071e-13
1.060000e+03 5.786239e-13
1.061000e+03 5.772454e-13
1.062000e+03 5.758714e-13
1.063000e+03 5.745020e-13
1.064000e+03 5.731372e-13
1.065000e+03 5.717768e-13
1.066000e+03 5.704210e-13
1.067000e+03 5.690696e-13
1.068000e+03 5.677228e-13
1.069000e+03 5.663803e-13
1.070000e+03 5.650423e-13
1.071000e+03 5.637087e-13
1.072000e+03 5.623794e-13
1.073000e+03 5.610546e-13
1.074000e+03 5.597341e-13
1.075000e+03 5.584179e-13
1.076000e+03 5.571060e-13
1.077000e+03 5.557985e-13
1.078000e+03 5.544952e-13
1.079000e+03 5.531961e-13
1.080000e+03 5.519014e-13
1.081000e+03 5.506108e-13
1.082000e+03 5.493244e-13
1.083000e+03 5.480423e-13
1.084000e+03 5.467643e-13
1.085000e+03 5.454905e-13
1.086000e+03 5.442207e-13
1.087000e+03 5.429552e-13
1.088000e+03 5.416937e-13
1.089000e+03 5.404363e-13
1.090000e+03 5.391830e-13
1.091000e+03 5.379337e-13
1.092000e+03 5.366885e-13
1.093000e+03 5.354472e-13
1.094000e+03 5.342100e-13
1.095000e+03 5.329768e-13
1.096000e+03 5.317475e-13
1.097000e+03 5.305222e-13
1.098000e+03 5.293009e-13
1.099000e+03 5.280834e-13
1.100000e+03 5.268698e-13
1.101000e+03 5.256602e-13
1.102000e+03 5.244544e-13
1.103000e+03 5.232525e-13
1.104000e+03 5.220544e-13
1.105000e+03 5.208601e-13
1.106000e+03 5.196696e-13
1.107000e+03 5.184830e-13
1.108000e+03 5.173001e-13
1.109000e+03 5.161209e-13
1.110000e+03 5.149456e-13
1.111000e+03 5.137739e-13
1.112000e+03 5.126060e-13
1.113000e+03 5.114417e-13
1.114000e+03 5.102812e-13
1.115000e+03 5.091243e-13
1.116000e+03 5.079711e-13
1.117000e+03 5.068215e-13
1.118000e+03 5.056756e-13
1.119000e+03 5.045332e-13
1.120000e+03 5.033945e-13
1.121000e+03 5.022593e-13
1.122000e+03 5.011277e-13
1.123000e+03 4.999997e-13
1.124000e+03 4.988752e-13
1.125000e+03 4.977542e-13
1.126000e+03 4.966368e-13
1.127000e+03 4.955228e-13
1.128000e+03 4.944123e-13
1.129000e+03 4.933053e-13
1.130000e+03 4.922018e-13
1.131000e+03 4.911017e-13
1.132000e+03 4.900050e-13
1.133000e+03 4.889117e-13
1.134000e+03 4.878218e-13
1.135000e+03 4.867354e-13
1.136000e+03 4.856523e-13
1.137000e+03 4.845725e-13
1.138000e+03 4.834961e-13
1.139000e+03 4.824230e-13
1.140000e+03 4.813533e-13
1.141000e+03 4.802868e-13
1.142000e+03 4.792237e-13
1.143000e+03 4.781638e-13
1.144000e+03 4.771072e-13
1.145000e+03 4.760539e-13
1.146000e+03 4.750038e-13
1.147000e+03 4.739569e-13
1.148000e+03 4.729133e-13
1.149000e+03 4.718728e-13
1.150000e+03 4.708355e-13
1.151000e+03 4.698015e-13
1.152000e+03 4.687705e-13
1.153000e+03 4.677428e-13
1.154000e+03 4.667182e-13
1.155000e+03 4.656967e-13
1.156000e+03 4.646783e-13
1.157000e+03 4.636630e-13
1.158000e+03 4.626508e-13
1.159000e+03 4.616417e-13
1.160000e+03 4.606357e-13
1.161000e+03 4.596327e-13
1.162000e+03 4.586328e-13
1.163000e+03 4.576359e-13
1.164000e+03 4.566420e-13
1.165000e+03 4.556512e-13
1.166000e+03 4.546633e-13
1.167000e+03 4.536784e-13
1.168000e+03 4.526965e-13
1.169000e+03 4.517176e-13
1.170000e+03 4.507416e-13
1.171000e+03 4.497685e-13
1.172000e+03 4.487984e-13
1.173000e+03 4.478312e-13
1.174000e+03 4.468669e-13
1.175000e+03 4.459055e-13
1.176000e+03 4.449470e-13
1.177000e+03 4.439913e-13
1.178000e+03 4.430385e-13
1.179000e+03 4.420886e-13
1.180000e+03 4.411415e-13
1.181000e+03 4.401972e-13
1.182000e+03 4.392557e-13
1.183000e+03 4.383171e-13
1.184000e+03 4.373813e-13
1.185000e+03 4.364482e-13
1.186000e+03 4.355179e-13
1.187000e+03 4.345904e-13
1.188000e+03 4.336656e-13
1.189000e+03 4.327436e-13
1.190000e+03 4.318243e-13
1.191000e+03 4.309077e-13
1.192000e+03 4.299939e-13
1.193000e+03 4.290827e-13
1.194000e+03 4.281742e-13
1.195000e+03 4.272684e-13
1.196000e+03 4.263653e-13
1.197000e+03 4.254649e-13
1.198000e+03 4.245671e-13
1.199000e+03 4.236719e-13
1.200000e+03 4.227794e-13
1.201000e+03 4.218895e-13
1.202000e+03 4.210022e-13
1.203000e+03 4.201175e-13
1.204000e+03 4.192354e-13
1.205000e+03 4.183559e-13
1.206000e+03 4.174789e-13
1.207000e+03 4.166045e-13
1.208000e+03 4.157327e-13
1.209000e+03 4.148634e-13
1.210000e+03 4.139967e-13
1.211000e+03 4.131325e-13
1.212000e+03 4.122707e-13
1.213000e+03 4.114115e-13
1.214000e+03 4.105548e-13
1.215000e+03 4.097006e-13
1.216000e+03 4.088489e-13
1.217000e+03 4.079996e-13
1.218000e+03 4.071528e-13
1.219000e+03 4.063084e-13
1.220000e+03 4.054665e-13
1.221000e+03 4.046270e-13
1.222000e+03 4.037899e-13
1.223000e+03 4.029552e-13
1.224000e+03 4.021230e-13
1.225000e+03 4.012931e-13
1.226000e+03 4.004657e-13
1.227000e+03 3.996406e-13
1.228000e+03 3.988179e-13
1.229000e+03 3.979975e-13
1.230000e+03 3.971795e-13
1.231000e+03 3.963639e-13
1.232000e+03 3.955505e-13
1.233000e+03 3.947395e-13
1.234000e+03 3.939309e-13
1.235000e+03 3.931245e-13
1.236000e+03 3.923204e-13
1.237000e+03 3.915186e-13
1.238000e+03 3.907191e-13
1.239000e+03 3.899219e-13
1.240000e+03 3.891270e-13
1.241000e+03 3.883343e-13
1.242000e+03 3.875439e-13
1.243000e+03 3.867557e-13
1.244000e+03 3.859697e-13
1.245000e+03 3.851860e-13
1.246000e+03 3.844045e-13
1.247000e+03 3.836252e-13
1.248000e+03 3.828481e-13
1.249000e+03 3.820732e-13
1.250000e+03 3.813004e-13
1.251000e+03 3.805299e-13
1.252000e+03 3.797615e-13
1.253000e+03 3.789953e-13
1.254000e+03 3.782313e-13
1.255000e+03 3.774694e-13
1.256000e+03 3.767096e-13
1.257000e+03 3.759520e-13
1.258000e+03 3.751965e-13
1.259000e+03 3.744431e-13
1.260000e+03 3.736918e-13
1.261000e+03 3.729426e-13
1.262000e+03 3.721956e-13
1.263000e+03 3.714506e-13
1.264000e+03 3.707076e-13
1.265000e+03 3.699668e-13
1.266000e+03 3.692280e-13
1.267000e+03 3.684913e-13
1.268000e+03 3.677566e-13
1.269000e+03 3.670240e-13
1.270000e+03 3.662934e-13
1.271000e+03 3.655648e-13
1.272000e+03 3.648383e-13
1.273000e+03 3.641137e-13
1.274000e+03 3.633912e-13
1.275000e+03 3.626707e-13
1.276000e+03 3.619521e-13
1.277000e+03 3.612356e-13
1.278000e+03 3.605210e-13
1.279000e+03 3.598084e-13
1.280000e+03 3.590977e-13
1.281000e+03 3.583890e-13
1.282000e+03 3.576823e-13
1.283000e+03 3.569775e-13
1.284000e+03 3.562747e-13
1.285000e+03 3.555737e-13
1.286000e+03 3.548747e-13
1.287000e+03 3.541776e-13
1.288000e+03 3.534825e-13
1.289000e+03 3.527892e-13
1.290000e+03 3.520978e-13
1.291000e+03 3.514083e-13
1.292000e+03 3.507207e-13
1.293000e+03 3.500350e-13
1.294000e+03 3.493511e-13
1.295000e+03 3.486691e-13
1.296000e+03 3.479889e-13
1.297000e+03 3.473106e-13
1.298000e+03 3.466342e-13
1.299000e+03 3.459596e-13
1.300000e+03 3.452868e-13
1.301000e+03 3.446158e-13
1.302000e+03 3.439467e-13
1.303000e+03 3.432794e-13
1.304000e+03 3.426138e-13
1.305000e+03 3.419501e-13
1.306000e+03 3.412882e-13
1.307000e+03 3.406280e-13
1.308000e+03 3.399696e-13
1.309000e+03 3.393131e-13
1.310000e+03 3.386582e-13
1.311000e+03 3.380052e-13
1.312000e+03 3.373539e-13
1.313000e+03 3.367043e-13
1.314000e+03 3.360565e-13
1.315000e+03 3.354104e-13
1.316000e+03 3.347661e-13
1.317000e+03 3.341234e-13
1.318000e+03 3.334825e-13
1.319000e+03 3.328434e-13
1.320000e+03 3.322059e-13
1.321000e+03 3.315701e-13
1.322000e+03 3.309360e-13
1.323000e+03 3.303036e-13
1.324000e+03 3.296729e-13
1.325000e+03 3.290439e-13
1.326000e+03 3.284166e-13
1.327000e+03 3.277909e-13
1.328000e+03 3.271669e-13
1.329000e+03 3.265445e-13
1.330000e+03 3.259238e-13
1.331000e+03 3.253047e-13
1.332000e+03 3.246873e-13
1.333000e+03 3.240715e-13
1.334000e+03 3.234573e-13
1.335000e+03 3.228448e-13
1.336000e+03 3.222339e-13
1.337000e+03 3.216246e-13
1.338000e+03 3.210168e-13
1.339000e+03 3.204107e-13
1.340000e+03 3.198062e-13
1.341000e+03 3.192033e-13
1.342000e+03 3.186020e-13
1.343000e+03 3.180022e-13
1.344000e+03 3.174040e-13
1.345000e+03 3.168074e-13
1.346000e+03 3.162124e-13
1.347000e+03 3.156189e-13
1.348000e+03 3.150269e-13
1.349000e+03 3.144365e-13
1.350000e+03 3.138477e-13
1.351000e+03 3.132604e-13
1.352000e+03 3.126746e-13
1.353000e+03 3.120904e-13
1.354000e+03 3.115076e-13
1.355000e+03 3.109264e-13
1.356000e+03 3.103467e-13
1.357000e+03 3.097685e-13
1.358000e+03 3.091918e-13
1.359000e+03 3.086166e-13
1.360000e+03 3.080429e-13
1.361000e+03 3.074707e-13
1.362000e+03 3.069000e-13
1.363000e+03 3.063307e-13
1.364000e+03 3.057630e-13
1.365000e+03 3.051966e-13
1.366000e+03 3.046318e-13
1.367000e+03 3.040684e-13
1.368000e+03 3.035064e-13
1.369000e+03 3.029459e-13
1.370000e+03 3.023869e-13
1.371000e+03 3.018293e-13
1.372000e+03 3.012731e-13
1.373000e+03 3.007184e-13
1.374000e+03 3.001650e-13
1.375000e+03 2.996131e-13
1.376000e+03 2.990626e-13
1.377000e+03 2.985135e-13
1.378000e+03 2.979659e-13
1.379000e+03 2.974196e-13
1.380000e+03 2.968747e-13
1.381000e+03 2.963312e-13
1.382000e+03 2.957891e-13
1.383000e+03 2.952484e-13
1.384000e+03 2.947091e-13
1.385000e+03 2.941711e-13
1.386000e+03 2.936345e-13
1.387000e+03 2.930993e-13
1.388000e+03 2.925654e-13
1.389000e+03 2.920329e-13
1.390000e+03 2.915017e-13
1.391000e+03 2.909719e-13
1.392000e+03 2.904434e-13
1.393000e+03 2.899163e-13
1.394000e+03 2.893905e-13
1.395000e+03 2.888660e-13
1.396000e+03 2.883429e-13
1.397000e+03 2.878211e-13
1.398000e+03 2.873006e-13
1.399000e+03 2.867814e-13
1.400000e+03 2.862635e-13
1.401000e+03 2.857469e-13
1.402000e+03 2.852316e-13
1.403000e+03 2.847176e-13
1.404000e+03 2.842049e-13
1.405000e+03 2.836935e-13
1.406000e+03 2.831834e-13
1.407000e+03 2.826745e-13
1.408000e+03 2.821670e-13
1.409000e+03 2.816607e-13
1.410000e+03 2.811556e-13
1.411000e+03 2.806519e-13
1.412000e+03 2.801493e-13
1.413000e+03 2.796481e-13
1.414000e+03 2.791481e-13
1.415000e+03 2.786493e-13
1.416000e+03 2.781518e-13
1.417000e+03 2.776555e-13
1.418000e+03 2.771605e-13
1.419000e+03 2.766667e-13
1.420000e+03 2.761741e-13
1.421000e+03 2.756827e-13
1.422000e+03 2.751925e-13
1.423000e+03 2.747036e-13
1.424000e+03 2.742159e-13
1.425000e+03 2.737294e-13
1.426000e+03 2.732441e-13
1.427000e+03 2.727600e-13
1.428000e+03 2.722770e-13
1.429000e+03 2.717953e-13
1.430000e+03 2.713148e-13
1.431000e+03 2.708354e-13
1.432000e+03 2.703573e-13
1.433000e+03 2.698803e-13
1.434000e+03 2.694045e-13
1.435000e+03 2.689298e-13
1.436000e+03 2.684563e-13
1.437000e+03 2.679840e-13
1.438000e+03 2.675129e-13
1.439000e+03 2.670429e-13
1.440000e+03 2.665740e-13
1.441000e+03 2.661063e-13
1.442000e+03 2.656397e-13
1.443000e+03 2.651743e-13
1.444000e+03 2.647100e-13
1.445000e+03 2.642469e-13
1.446000e+03 2.637849e-13
1.447000e+03 2.633240e-13
1.448000e+03 2.628642e-13
1.449000e+03 2.624055e-13
1.450000e+03 2.619480e-13
1.451000e+03 2.614916e-13
1.452000e+03 2.610363e-13
1.453000e+03 2.605820e-13
1.454000e+03 2.601289e-13
1.455000e+03 2.596769e-13
1.456000e+03 2.592260e-13
1.457000e+03 2.587762e-13
1.458000e+03 2.583275e-13
1.459000e+03 2.578798e-13
1.460000e+03 2.574332e-13
1.461000e+03 2.569878e-13
1.462000e+03 2.565433e-13
1.463000e+03 2.561000e-13
1.464000e+03 2.556577e-13
1.465000e+03 2.552165e-13
1.466000e+03 2.547764e-13
1.467000e+03 2.543373e-13
1.468000e+03 2.538992e-13
1.469000e+03 2.534623e-13
1.470000e+03 2.530263e-13
1.471000e+03 2.525914e-13
1.472000e+03 2.521576e-13
1.473000e+03 2.517248e-13
1.474000e+03 2.512930e-13
1.475000e+03 2.508623e-13
1.476000e+03 2.504326e-13
1.477000e+03 2.500039e-13
1.478000e+03 2.495762e-13
1.479000e+03 2.491496e-13
1.480000e+03 2.487240e-13
1.481000e+03 2.482994e-13
1.482000e+03 2.478758e-13
1.483000e+03 2.474532e-13
1.484000e+03 2.470316e-13
1.485000e+03 2.466110e-13
1.486000e+03 2.461914e-13
1.487000e+03 2.457728e-13
1.488000e+03 2.453552e-13
1.489000e+03 2.449386e-13
1.490000e+03 2.445230e-13
1.491000e+03 2.441084e-13
1.492000e+03 2.436947e-13
1.493000e+03 2.432820e-13
1.494000e+03 2.428703e-13
1.495000e+03 2.424596e-13
1.496000e+03 2.420498e-13
1.497000e+03 2.416410e-13
1.498000e+03 2.412332e-13
1.499000e+03 2.408263e-13
1.500000e+03 2.404204e-13
1.501000e+03 2.400154e-13
1.502000e+03 2.396114e-13
1.503000e+03 2.392083e-13
1.504000e+03 2.388062e-13
1.505000e+03 2.384050e-13
1.506000e+03 2.380048e-13
1.507000e+03 2.376055e-13
1.508000e+03 2.372071e-13
1.509000e+03 2.368097e-13
1.510000e+03 2.364132e-13
1.511000e+03 2.360176e-13
1.512000e+03 2.356229e-13
1.513000e+03 2.352292e-13
1.514000e+03 2.348364e-13
1.515000e+03 2.344445e-13
1.516000e+03 2.340535e-13
1.517000e+03 2.336634e-13
1.518000e+03 2.332742e-13
1.519000e+03 2.328859e-13
1.520000e+03 2.324986e-13
1.521000e+03 2.321121e-13
1.522000e+03 2.317265e-13
1.523000e+03 2.313418e-13
1.524000e+03 2.309580e-13
1.525000e+03 2.305751e-13
1.526000e+03 2.301931e-13
1.527000e+03 2.298119e-13
1.528000e+03 2.294317e-13
1.529000e+03 2.290523e-13
1.530000e+03 2.286738e-13
1.531000e+03 2.282962e-13
1.532000e+03 2.279194e-13
1.533000e+03 2.275435e-13
1.534000e+03 2.271685e-13
1.535000e+03 2.267943e-13
1.536000e+03 2.264210e-13
1.537000e+03 2.260485e-13
1.538000e+03 2.256769e-13
1.539000e+03 2.253062e-13
1.540000e+03 2.249362e-13
1.541000e+03 2.245672e-13
1.542000e+03 2.241990e-13
1.543000e+03 2.238316e-13
1.544000e+03 2.234651e-13
1.545000e+03 2.230994e-13
1.546000e+03 2.227345e-13
1.547000e+03 2.223705e-13
1.548000e+03 2.220073e-13
1.549000e+03 2.216449e-13
1.550000e+03 2.212834e-13
1.551000e+03 2.209227e-13
1.552000e+03 2.205628e-13
1.553000e+03 2.202037e-13
1.554000e+03 2.198454e-13
1.555000e+03 2.194880e-13
1.556000e+03 2.191313e-13
1.557000e+03 2.187755e-13
1.558000e+03 2.184204e-13
1.559000e+03 2.180662e-13
1.560000e+03 2.177128e-13
1.561000e+03 2.173602e-13
1.562000e+03 2.170083e-13
1.563000e+03 2.166573e-13
1.564000e+03 2.163070e-13
1.565000e+03 2.159576e-13
1.566000e+03 2.156089e-13
1.567000e+03 2.152610e-13
1.568000e+03 2.149139e-13
1.569000e+03 2.145676e-13
1.570000e+03 2.142221e-13
1.571000e+03 2.138773e-13
1.572000e+03 2.135333e-13
1.573000e+03 2.131901e-13
1.574000e+03 2.128476e-13
1.575000e+03 2.125059e-13
1.576000e+03 2.121650e-13
1.577000e+03 2.118249e-13
1.578000e+03 2.114855e-13
1.579000e+03 2.111468e-13
1.580000e+03 2.108089e-13
1.581000e+03 2.104718e-13
1.582000e+03 2.101354e-13
1.583000e+03 2.097998e-13
1.584000e+03 2.094649e-13
1.585000e+03 2.091308e-13
1.586000e+03 2.087974e-13
1.587000e+03 2.084647e-13
1.588000e+03 2.081328e-13
1.589000e+03 2.078017e-13
1.590000e+03 2.074712e-13
1.591000e+03 2.071415e-13
1.592000e+03 2.068125e-13
1.593000e+03 2.064843e-13
1.594000e+03 2.061568e-13
1.595000e+03 2.058300e-13
1.596000e+03 2.055039e-13
1.597000e+03 2.051785e-13
1.598000e+03 2.048539e-13
1.599000e+03 2.045300e-13
1.600000e+03 2.042068e-13
1.601000e+03 2.038843e-13
1.602000e+03 2.035625e-13
1.603000e+03 2.032414e-13
1.604000e+03 2.029210e-13
1.605000e+03 2.026014e-13
1.606000e+03 2.022824e-13
1.607000e+03 2.019642e-13
1.608000e+03 2.016466e-13
1.609000e+03 2.013297e-13
1.610000e+03 2.010136e-13
1.611000e+03 2.006981e-13
1.612000e+03 2.003833e-13
1.613000e+03 2.000692e-13
1.614000e+03 1.997558e-13
1.615000e+03 1.994430e-13
1.616000e+03 1.991310e-13
1.617000e+03 1.988196e-13
1.618000e+03 1.985089e-13
1.619000e+03 1.981989e-13
1.620000e+03 1.978896e-13
1.621000e+03 1.975809e-13
1.622000e+03 1.972729e-13
1.623000e+03 1.969656e-13
1.624000e+03 1.966589e-13
1.625000e+03 1.963530e-13
1.626000e+03 1.960476e-13
1.627000e+03 1.957430e-13
1.628000e+03 1.954390e-13
1.629000e+03 1.951356e-13
1.630000e+03 1.948329e-13
1.631000e+03 1.945309e-13
1.632000e+03 1.942295e-13
1.633000e+03 1.939288e-13
1.634000e+03 1.936287e-13
1.635000e+03 1.933293e-13
1.636000e+03 1.930305e-13
1.637000e+03 1.927323e-13
1.638000e+03 1.924348e-13
1.639000e+03 1.921380e-13
1.640000e+03 1.918418e-13
1.641000e+03 1.915462e-13
1.642000e+03 1.912512e-13
1.643000e+03 1.909569e-13
1.644000e+03 1.906632e-13
1.645000e+03 1.903702e-13
1.646000e+03 1.900777e-13
1.647000e+03 1.897859e-13
1.648000e+03 1.894948e-13
1.649000e+03 1.892042e-13
1.650000e+03 1.889143e-13
1.651000e+03 1.886250e-13
1.652000e+03 1.883363e-13
1.653000e+03 1.880482e-13
1.654000e+03 1.877607e-13
1.655000e+03 1.874739e-13
1.656000e+03 1.871876e-13
1.657000e+03 1.869020e-13
1.658000e+03 1.866170e-13
1.659000e+03 1.863326e-13
1.660000e+03 1.860488e-13
1.661000e+03 1.857656e-13
1.662000e+03 1.854830e-13
1.663000e+03 1.852009e-13
1.664000e+03 1.849195e-13
1.665000e+03 1.846387e-13
1.666000e+03 1.843585e-13
1.667000e+03 1.840789e-13
1.668000e+03 1.837998e-13
1.669000e+03 1.835214e-13
1.670000e+03 1.832435e-13
1.671000e+03 1.829663e-13
1.672000e+03 1.826896e-13
1.673000e+03 1.824135e-13
1.674000e+03 1.821380e-13
1.675000e+03 1.818630e-13
1.676000e+03 1.815887e-13
1.677000e+03 1.813149e-13
1.678000e+03 1.810417e-13
1.679000e+03 1.807690e-13
1.680000e+03 1.804970e-13
1.681000e+03 1.802255e-13
1.682000e+03 1.799546e-13
1.683000e+03 1.796842e-13
1.684000e+03 1.794144e-13
1.685000e+03 1.791452e-13
1.686000e+03 1.788765e-13
1.687000e+03 1.786084e-13
1.688000e+03 1.783409e-13
1.689000e+03 1.780739e-13
1.690000e+03 1.778075e-13
1.691000e+03 1.775416e-13
1.692000e+03 1.772763e-13
1.693000e+03 1.770116e-13
1.694000e+03 1.767474e-13
1.695000e+03 1.764837e-13
1.696000e+03 1.762206e-13
1.697000e+03 1.759580e-13
1.698000e+03 1.756960e-13
1.699000e+03 1.754346e-13
1.700000e+03 1.751736e-13
1.701000e+03 1.749132e-13
1.702000e+03 1.746534e-13
1.703000e+03 1.743941e-13
1.704000e+03 1.741353e-13
1.705000e+03 1.738771e-13
1.706000e+03 1.736194e-13
1.707000e+03 1.733622e-13
1.708000e+03 1.731056e-13
1.709000e+03 1.728495e-13
1.710000e+03 1.725939e-13
1.711000e+03 1.723388e-13
1.712000e+03 1.720843e-13
1.713000e+03 1.718303e-13
1.714000e+03 1.715768e-13
1.715000e+03 1.713239e-13
1.716000e+03 1.710714e-13
1.717000e+03 1.708195e-13
1.718000e+03 1.705681e-13
1.719000e+03 1.703172e-13
1.720000e+03 1.700668e-13
1.721000e+03 1.698170e-13
1.722000e+03 1.695676e-13
1.723000e+03 1.693188e-13
1.724000e+03 1.690705e-13
1.725000e+03 1.688226e-13
1.726000e+03 1.685753e-13
1.727000e+03 1.683285e-13
1.728000e+03 1.680822e-13
1.729000e+03 1.678364e-13
1.730000e+03 1.675911e-13
1.731000e+03 1.673463e-13
1.732000e+03 1.671020e-13
1.733000e+03 1.668582e-13
1.734000e+03 1.666149e-13
1.735000e+03 1.663721e-13
1.736000e+03 1.661298e-13
1.737000e+03 1.658879e-13
1.738000e+03 1.656466e-13
1.739000e+03 1.654058e-13
1.740000e+03 1.651654e-13
1.741000e+03 1.649255e-13
1.742000e+03 1.646861e-13
1.743000e+03 1.644472e-13
1.744000e+03 1.642088e-13
1.745000e+03 1.639709e-13
1.746000e+03 1.637334e-13
1.747000e+03 1.634964e-13
1.748000e+03 1.632600e-13
1.749000e+03 1.630239e-13
1.750000e+03 1.627884e-13
1.751000e+03 1.625533e-13
1.752000e+03 1.623187e-13
1.753000e+03 1.620846e-13
1.754000e+03 1.618509e-13
1.755000e+03 1.616178e-13
1.756000e+03 1.613850e-13
1.757000e+03 1.611528e-13
1.758000e+03 1.609210e-13
1.759000e+03 1.606897e-13
1.760000e+03 1.604588e-13
1.761000e+03 1.602284e-13
1.762000e+03 1.599985e-13
1.763000e+03 1.597690e-13
1.764000e+03 1.595400e-13
1.765000e+03 1.593115e-13
1.766000e+03 1.590834e-13
1.767000e+03 1.588557e-13
1.768000e+03 1.586286e-13
1.769000e+03 1.584018e-13
1.770000e+03 1.581755e-13
1.771000e+03 1.579497e-13
1.772000e+03 1.577243e-13
1.773000e+03 1.574994e-13
1.774000e+03 1.572749e-13
1.775000e+03 1.570509e-13
1.776000e+03 1.568273e-13
1.777000e+03 1.566041e-13
1.778000e+03 1.563814e-13
1.779000e+03 1.561592e-13
1.780000e+03 1.559373e-13
1.781000e+03 1.557159e-13
1.782000e+03 1.554950e-13
1.783000e+03 1.552745e-13
1.784000e+03 1.550544e-13
1.785000e+03 1.548348e-13
1.786000e+03 1.546156e-13
1.787000e+03 1.543968e-13
1.788000e+03 1.541785e-13
1.789000e+03 1.539605e-13
1.790000e+03 1.537431e-13
1.791000e+03 1.535260e-13
1.792000e+03 1.533094e-13
1.793000e+03 1.530932e-13
1.794000e+03 1.528774e-13
1.795000e+03 1.526621e-13
1.796000e+03 1.524471e-13
1.797000e+03 1.522326e-13
1.798000e+03 1.520186e-13
1.799000e+03 1.518049e-13
1.800000e+03 1.515916e-13
1.801000e+03 1.513788e-13
1.802000e+03 1.511664e-13
1.803000e+03 1.509544e-13
1.804000e+03 1.507428e-13
1.805000e+03 1.505317e-13
1.806000e+03 1.503209e-13
1.807000e+03 1.501106e-13
1.808000e+03 1.499006e-13
1.809000e+03 1.496911e-13
1.810000e+03 1.494820e-13
1.811000e+03 1.492733e-13
1.812000e+03 1.490650e-13
1.813000e+03 1.488571e-13
1.814000e+03 1.486496e-13
1.815000e+03 1.484425e-13
1.816000e+03 1.482358e-13
1.817000e+03 1.480295e-13
1.818000e+03 1.478237e-13
1.819000e+03 1.476182e-13
1.820000e+03 1.474131e-13
1.821000e+03 1.472084e-13
1.822000e+03 1.470041e-13
1.823000e+03 1.468002e-13
1.824000e+03 1.465967e-13
1.825000e+03 1.463936e-13
1.826000e+03 1.461909e-13
1.827000e+03 1.459886e-13
1.828000e+03 1.457866e-13
1.829000e+03 1.455851e-13
1.830000e+03 1.453839e-13
1.831000e+03 1.451832e-13
1.832000e+03 1.449828e-13
1.833000e+03 1.447828e-13
1.834000e+03 1.445832e-13
1.835000e+03 1.443839e-13
1.836000e+03 1.441851e-13
1.837000e+03 1.439866e-13
1.838000e+03 1.437885e-13
1.839000e+03 1.435908e-13
1.840000e+03 1.433935e-13
1.841000e+03 1.431966e-13
1.842000e+03 1.430000e-13
1.843000e+03 1.428038e-13
1.844000e+03 1.426080e-13
1.845000e+03 1.424126e-13
1.846000e+03 1.422175e-13
1.847000e+03 1.420228e-13
1.848000e+03 1.418285e-13
1.849000e+03 1.416345e-13
1.850000e+03 1.414409e-13
1.851000e+03 1.412477e-13
1.852000e+03 1.410549e-13
1.853000e+03 1.408624e-13
1.854000e+03 1.406703e-13
1.855000e+03 1.404785e-13
1.856000e+03 1.402872e-13
1.857000e+03 1.400961e-13
1.858000e+03 1.399055e-13
1.859000e+03 1.397152e-13
1.860000e+03 1.395252e-13
1.861000e+03 1.393357e-13
1.862000e+03 1.391465e-13
1.863000e+03 1.389576e-13
1.864000e+03 1.387691e-13
1.865000e+03 1.385810e-13
1.866000e+03 1.383932e-13
1.867000e+03 1.382057e-13
1.868000e+03 1.380187e-13
1.869000e+03 1.378319e-13
1.870000e+03 1.376456e-13
1.871000e+03 1.374596e-13
1.872000e+03 1.372739e-13
1.873000e+03 1.370886e-13
1.874000e+03 1.369036e-13
1.875000e+03 1.367190e-13
1.876000e+03 1.365347e-13
1.877000e+03 1.363508e-13
1.878000e+03 1.361672e-13
1.879000e+03 1.359839e-13
1.880000e+03 1.358010e-13
1.881000e+03 1.356185e-13
1.882000e+03 1.354363e-13
1.883000e+03 1.352544e-13
1.884000e+03 1.350729e-13
1.885000e+03 1.348917e-13
1.886000e+03 1.347108e-13
1.887000e+03 1.345303e-13
1.888000e+03 1.343502e-13
1.889000e+03 1.341703e-13
1.890000e+03 1.339908e-13
1.891000e+03 1.338117e-13
1.892000e+03 1.336328e-13
1.893000e+03 1.334543e-13
1.894000e+03 1.332762e-13
1.895000e+03 1.330983e-13
1.896000e+03 1.329208e-13
1.897000e+03 1.327436e-13
1.898000e+03 1.325668e-13
1.899000e+03 1.323903e-13
1.900000e+03 1.322141e-13
1.901000e+03 1.320382e-13
1.902000e+03 1.318627e-13
1.903000e+03 1.316875e-13
1.904000e+03 1.315126e-13
1.905000e+03 1.313380e-13
1.906000e+03 1.311638e-13
1.907000e+03 1.309899e-13
1.908000e+03 1.308163e-13
1.909000e+03 1.306430e-13
1.910000e+03 1.304701e-13
1.911000e+03 1.302974e-13
1.912000e+03 1.301251e-13
1.913000e+03 1.299531e-13
1.914000e+03 1.297814e-13
1.915000e+03 1.296101e-13
1.916000e+03 1.294390e-13
1.917000e+03 1.292683e-13
1.918000e+03 1.290979e-13
1.919000e+03 1.289278e-13
1.920000e+03 1.287580e-13
1.921000e+03 1.285885e-13
1.922000e+03 1.284193e-13
1.923000e+03 1.282505e-13
1.924000e+03 1.280819e-13
1.925000e+03 1.279137e-13
1.926000e+03 1.277457e-13
1.927000e+03 1.275781e-13
1.928000e+03 1.274108e-13
1.929000e+03 1.272438e-13
1.930000e+03 1.270771e-13
1.931000e+03 1.269107e-13
1.932000e+03 1.267446e-13
1.933000e+03 1.265788e-13
1.934000e+03 1.264133e-13
1.935000e+03 1.262481e-13
1.936000e+03 1.260832e-13
1.937000e+03 1.259186e-13
1.938000e+03 1.257543e-13
1.939000e+03 1.255903e-13
1.940000e+03 1.254266e-13
1.941000e+03 1.252632e-13
1.942000e+03 1.251001e-13
1.943000e+03 1.249373e-13
1.944000e+03 1.247748e-13
1.945000e+03 1.246126e-13
1.946000e+03 1.244507e-13
1.947000e+03 1.242890e-13
1.948000e+03 1.241277e-13
1.949000e+03 1.239667e-13
1.950000e+03 1.238059e-13
1.951000e+03 1.236455e-13
1.952000e+03 1.234853e-13
1.953000e+03 1.233254e-13
1.954000e+03 1.231658e-13
1.955000e+03 1.230065e-13
1.956000e+03 1.228475e-13
1.957000e+03 1.226888e-13
1.958000e+03 1.225303e-13
1.959000e+03 1.223722e-13
1.960000e+03 1.222143e-13
1.961000e+03 1.220567e-13
1.962000e+03 1.218994e-13
1.963000e+03 1.217424e-13
1.964000e+03 1.215856e-13
1.965000e+03 1.214292e-13
1.966000e+03 1.212730e-13
1.967000e+03 1.211171e-13
1.968000e+03 1.209615e-13
1.969000e+03 1.208062e-13
1.970000e+03 1.206511e-13
1.971000e+03 1.204963e-13
1.972000e+03 1.203418e-13
1.973000e+03 1.201876e-13
1.974000e+03 1.200336e-13
1.975000e+03 1.198799e-13
1.976000e+03 1.197265e-13
1.977000e+03 1.195734e-13
1.978000e+03 1.194205e-13
1.979000e+03 1.192680e-13
1.980000e+03 1.191156e-13
1.981000e+03 1.189636e-13
1.982000e+03 1.188118e-13
1.983000e+03 1.186603e-13
1.984000e+03 1.185091e-13
1.985000e+03 1.183581e-13
1.986000e+03 1.182074e-13
1.987000e+03 1.180570e-13
1.988000e+03 1.179068e-13
1.989000e+03 1.177569e-13
1.990000e+03 1.176073e-13
1.991000e+03 1.174579e-13
1.992000e+03 1.173088e-13
1.993000e+03 1.171600e-13
1.994000e+03 1.170114e-13
1.995000e+03 1.168631e-13
1.996000e+03 1.167151e-13
1.997000e+03 1.165673e-13
1.998000e+03 1.164198e-13
1.999000e+03 1.162725e-13
2.000000e+03 1.161255e-13
2.001000e+03 1.159788e-13
2.002000e+03 1.158323e-13
2.003000e+03 1.156860e-13
2.004000e+03 1.155401e-13
2.005000e+03 1.153944e-13
2.006000e+03 1.152489e-13
2.007000e+03 1.151037e-13
2.008000e+03 1.149588e-13
2.009000e+03 1.148141e-13
2.010000e+03 1.146696e-13
2.011000e+03 1.145254e-13
2.012000e+03 1.143815e-13
2.013000e+03 1.142378e-13
2.014000e+03 1.140944e-13
2.015000e+03 1.139512e-13
2.016000e+03 1.138083e-13
2.017000e+03 1.136656e-13
2.018000e+03 1.135232e-13
2.019000e+03 1.133810e-13
2.020000e+03 1.132391e-13
2.021000e+03 1.130974e-13
2.022000e+03 1.129560e-13
2.023000e+03 1.128148e-13
2.024000e+03 1.126738e-13
2.025000e+03 1.125331e-13
2.026000e+03 1.123927e-13
2.027000e+03 1.122525e-13
2.028000e+03 1.121125e-13
2.029000e+03 1.119728e-13
2.030000e+03 1.118333e-13
2.031000e+03 1.116941e-13
2.032000e+03 1.115551e-13
2.033000e+03 1.114163e-13
2.034000e+03 1.112778e-13
2.035000e+03 1.111395e-13
2.036000e+03 1.110015e-13
2.037000e+03 1.108637e-13
2.038000e+03 1.107262e-13
2.039000e+03 1.105889e-13
2.040000e+03 1.104518e-13
2.041000e+03 1.103149e-13
2.042000e+03 1.101783e-13
2.043000e+03 1.100420e-13
2.044000e+03 1.099058e-13
2.045000e+03 1.097699e-13
2.046000e+03 1.096343e-13
2.047000e+03 1.094988e-13
2.048000e+03 1.093636e-13
2.049000e+03 1.092287e-13
2.050000e+03 1.090939e-13
2.051000e+03 1.089594e-13
2.052000e+03 1.088252e-13
2.053000e+03 1.086911e-13
2.054000e+03 1.085573e-13
2.055000e+03 1.084238e-13
2.056000e+03 1.082904e-13
2.057000e+03 1.081573e-13
2.058000e+03 1.080244e-13
2.059000e+03 1.078917e-13
2.060000e+03 1.077593e-13
2.061000e+03 1.076271e-13
2.062000e+03 1.074951e-13
2.063000e+03 1.073633e-13
2.064000e+03 1.072318e-13
2.065000e+03 1.071005e-13
2.066000e+03 1.069694e-13
2.067000e+03 1.068385e-13
2.068000e+03 1.067079e-13
2.069000e+03 1.065775e-13
2.070000e+03 1.064473e-13
2.071000e+03 1.063173e-13
2.072000e+03 1.061876e-13
2.073000e+03 1.060581e-13
2.074000e+03 1.059287e-13
2.075000e+03 1.057997e-13
2.076000e+03 1.056708e-13
2.077000e+03 1.055421e-13
2.078000e+03 1.054137e-13
2.079000e+03 1.052855e-13
2.080000e+03 1.051575e-13
2.081000e+03 1.050297e-13
2.082000e+03 1.049022e-13
2.083000e+03 1.047748e-13
2.084000e+03 1.046477e-13
2.085000e+03 1.045208e-13
2.086000e+03 1.043941e-13
2.087000e+03 1.042676e-13
2.088000e+03 1.041413e-13
2.089000e+03 1.040153e-13
2.090000e+03 1.038894e-13
2.091000e+03 1.037638e-13
2.092000e+03 1.036383e-13
2.093000e+03 1.035131e-13
2.094000e+03 1.033881e-13
2.095000e+03 1.032633e-13
2.096000e+03 1.031388e-13
2.097000e+03 1.030144e-13
2.098000e+03 1.028902e-13
2.099000e+03 1.027663e-13
2.100000e+03 1.026425e-13
2.101000e+03 1.025190e-13
2.102000e+03 1.023957e-13
2.103000e+03 1.022726e-13
2.104000e+03 1.021496e-13
2.105000e+03 1.020269e-13
2.106000e+03 1.019044e-13
2.107000e+03 1.017821e-13
2.108000e+03 1.016600e-13
2.109000e+03 1.015381e-13
2.110000e+03 1.014165e-13
2.111000e+03 1.012950e-13
2.112000e+03 1.011737e-13
2.113000e+03 1.010526e-13
2.114000e+03 1.009317e-13
2.115000e+03 1.008111e-13
2.116000e+03 1.006906e-13
2.117000e+03 1.005703e-13
2.118000e+03 1.004503e-13
2.119000e+03 1.003304e-13
2.120000e+03 1.002107e-13
2.121000e+03 1.000912e-13
2.122000e+03 9.997197e-14
2.123000e+03 9.985290e-14
2.124000e+03 9.973402e-14
2.125000e+03 9.961534e-14
2.126000e+03 9.949686e-14
2.127000e+03 9.937857e-14
2.128000e+03 9.926048e-14
2.129000e+03 9.914258e-14
2.130000e+03 9.902488e-14
2.131000e+03 9.890738e-14
2.132000e+03 9.879007e-14
2.133000e+03 9.867295e-14
2.134000e+03 9.855603e-14
2.135000e+03 9.843930e-14
2.136000e+03 9.832277e-14
2.137000e+03 9.820642e-14
2.138000e+03 9.809027e-14
2.139000e+03 9.797431e-14
2.140000e+03 9.785854e-14
2.141000e+03 9.774296e-14
2.142000e+03 9.762757e-14
2.143000e+03 9.751237e-14
2.144000e+03 9.739737e-14
2.145000e+03 9.728255e-14
2.146000e+03 9.716792e-14
2.147000e+03 9.705347e-14
2.148000e+03 9.693922e-14
2.149000e+03 9.682515e-14
2.150000e+03 9.671127e-14
2.151000e+03 9.659758e-14
2.152000e+03 9.648408e-14
2.153000e+03 9.637076e-14
2.154000e+03 9.625762e-14
2.155000e+03 9.614467e-14
2.156000e+03 9.603191e-14
2.157000e+03 9.591933e-14
2.158000e+03 9.580693e-14
2.159000e+03 9.569472e-14
2.160000e+03 9.558269e-14
2.161000e+03 9.547084e-14
2.162000e+03 9.535918e-14
2.163000e+03 9.524770e-14
2.164000e+03 9.513640e-14
2.165000e+03 9.502528e-14
2.166000e+03 9.491434e-14
2.167000e+03 9.480359e-14
2.168000e+03 9.469301e-14
2.169000e+03 9.458261e-14
2.170000e+03 9.447240e-14
2.171000e+03 9.436236e-14
2.172000e+03 9.425250e-14
2.173000e+03 9.414282e-14
2.174000e+03 9.403332e-14
2.175000e+03 9.392399e-14
2.176000e+03 9.381484e-14
2.177000e+03 9.370587e-14
2.178000e+03 9.359708e-14
2.179000e+03 9.348846e-14
2.180000e+03 9.338002e-14
2.181000e+03 9.327175e-14
2.182000e+03 9.316366e-14
2.183000e+03 9.305574e-14
2.184000e+03 9.294800e-14
2.185000e+03 9.284043e-14
2.186000e+03 9.273303e-14
2.187000e+03 9.262581e-14
2.188000e+03 9.251876e-14
2.189000e+03 9.241189e-14
2.190000e+03 9.230518e-14
2.191000e+03 9.219865e-14
2.192000e+03 9.209229e-14
2.193000e+03 9.198610e-14
2.194000e+03 9.188008e-14
2.195000e+03 9.177423e-14
2.196000e+03 9.166855e-14
2.197000e+03 9.156304e-14
2.198000e+03 9.145770e-14
2.199000e+03 9.135253e-14
2.200000e+03 9.124753e-14
2.201000e+03 9.114270e-14
2.202000e+03 9.103803e-14
2.203000e+03 9.093354e-14
2.204000e+03 9.082920e-14
2.205000e+03 9.072504e-14
2.206000e+03 9.062104e-14
2.207000e+03 9.051721e-14
2.208000e+03 9.041355e-14
2.209000e+03 9.031005e-14
2.210000e+03 9.020671e-14
2.211000e+03 9.010355e-14
2.212000e+03 9.000054e-14
2.213000e+03 8.989770e-14
2.214000e+03 8.979502e-14
2.215000e+03 8.969251e-14
2.216000e+03 8.959016e-14
2.217000e+03 8.948797e-14
2.218000e+03 8.938595e-14
2.219000e+03 8.928409e-14
2.220000e+03 8.918239e-14
2.221000e+03 8.908085e-14
2.222000e+03 8.897947e-14
2.223000e+03 8.887826e-14
2.224000e+03 8.877720e-14
2.225000e+03 8.867630e-14
2.226000e+03 8.857557e-14
2.227000e+03 8.847499e-14
2.228000e+03 8.837458e-14
2.229000e+03 8.827432e-14
2.230000e+03 8.817422e-14
2.231000e+03 8.807428e-14
2.232000e+03 8.797450e-14
2.233000e+03 8.787487e-14
2.234000e+03 8.777540e-14
2.235000e+03 8.767609e-14
2.236000e+03 8.757694e-14
2.237000e+03 8.747794e-14
2.238000e+03 8.737910e-14
2.239000e+03 8.728041e-14
2.240000e+03 8.718188e-14
2.241000e+03 8.708351e-14
2.242000e+03 8.698529e-14
2.243000e+03 8.688722e-14
2.244000e+03 8.678931e-14
2.245000e+03 8.669155e-14
2.246000e+03 8.659395e-14
2.247000e+03 8.649649e-14
2.248000e+03 8.639920e-14
2.249000e+03 8.630205e-14
2.250000e+03 8.620506e-14
2.251000e+03 8.610822e-14
2.252000e+03 8.601153e-14
2.253000e+03 8.591499e-14
2.254000e+03 8.581860e-14
2.255000e+03 8.572237e-14
2.256000e+03 8.562628e-14
2.257000e+03 8.553035e-14
2.258000e+03 8.543456e-14
2.259000e+03 8.533892e-14
2.260000e+03 8.524344e-14
2.261000e+03 8.514810e-14
2.262000e+03 8.505291e-14
2.263000e+03 8.495787e-14
2.264000e+03 8.486298e-14
2.265000e+03 8.476824e-14
2.266000e+03 8.467364e-14
2.267000e+03 8.457919e-14
2.268000e+03 8.448489e-14
2.269000e+03 8.439073e-14
2.270000e+03 8.429672e-14
2.271000e+03 8.420286e-14
2.272000e+03 8.410914e-14
2.273000e+03 8.401557e-14
2.274000e+03 8.392214e-14
2.275000e+03 8.382886e-14
2.276000e+03 8.373572e-14
2.277000e+03 8.364273e-14
2.278000e+03 8.354988e-14
2.279000e+03 8.345717e-14
2.280000e+03 8.336461e-14
2.281000e+03 8.327219e-14
2.282000e+03 8.317991e-14
2.283000e+03 8.308778e-14
2.284000e+03 8.299579e-14
2.285000e+03 8.290394e-14
2.286000e+03 8.281223e-14
2.287000e+03 8.272067e-14
2.288000e+03 8.262924e-14
2.289000e+03 8.253796e-14
2.290000e+03 8.244682e-14
2.291000e+03 8.235581e-14
2.292000e+03 8.226495e-14
2.293000e+03 8.217423e-14
2.294000e+03 8.208365e-14
2.295000e+03 8.199320e-14
2.296000e+03 8.190290e-14
2.297000e+03 8.181273e-14
2.298000e+03 8.172270e-14
2.299000e+03 8.163281e-14
2.300000e+03 8.154306e-14
2.301000e+03 8.145345e-14
2.302000e+03 8.136397e-14
2.303000e+03 8.127463e-14
2.304000e+03 8.118543e-14
2.305000e+03 8.109636e-14
2.306000e+03 8.100743e-14
2.307000e+03 8.091864e-14
2.308000e+03 8.082998e-14
2.309000e+03 8.074146e-14
2.310000e+03 8.065307e-14
2.311000e+03 8.056482e-14
2.312000e+03 8.047670e-14
2.313000e+03 8.038872e-14
2.314000e+03 8.030087e-14
2.315000e+03 8.021315e-14
2.316000e+03 8.012557e-14
2.317000e+03 8.003812e-14
2.318000e+03 7.995081e-14
2.319000e+03 7.986362e-14
2.320000e+03 7.977657e-14
2.321000e+03 7.968966e-14
2.322000e+03 7.960287e-14
2.323000e+03 7.951622e-14
2.324000e+03 7.942970e-14
2.325000e+03 7.934331e-14
2.326000e+03 7.925705e-14
2.327000e+03 7.917092e-14
2.328000e+03 7.908492e-14
2.329000e+03 7.899905e-14
2.330000e+03 7.891331e-14
2.331000e+03 7.882770e-14
2.332000e+03 7.874223e-14
2.333000e+03 7.865688e-14
2.334000e+03 7.857166e-14
2.335000e+03 7.848656e-14
2.336000e+03 7.840160e-14
2.337000e+03 7.831677e-14
2.338000e+03 7.823206e-14
2.339000e+03 7.814748e-14
2.340000e+03 7.806303e-14
2.341000e+03 7.797870e-14
2.342000e+03 7.789451e-14
2.343000e+03 7.781044e-14
2.344000e+03 7.772649e-14
2.345000e+03 7.764268e-14
2.346000e+03 7.755898e-14
2.347000e+03 7.747542e-14
2.348000e+03 7.739198e-14
2.349000e+03 7.730866e-14
2.350000e+03 7.722547e-14
2.351000e+03 7.714241e-14
2.352000e+03 7.705947e-14
2.353000e+03 7.697665e-14
2.354000e+03 7.689396e-14
2.355000e+03 7.681139e-14
2.356000e+03 7.672895e-14
2.357000e+03 7.664663e-14
2.358000e+03 7.656443e-14
2.359000e+03 7.648236e-14
2.360000e+03 7.640041e-14
2.361000e+03 7.631858e-14
2.362000e+03 7.623687e-14
2.363000e+03 7.615528e-14
2.364000e+03 7.607382e-14
2.365000e+03 7.599248e-14
2.366000e+03 7.591126e-14
2.367000e+03 7.583016e-14
2.368000e+03 7.574918e-14
2.369000e+03 7.566832e-14
2.370000e+03 7.558759e-14
2.371000e+03 7.550697e-14
2.372000e+03 7.542647e-14
2.373000e+03 7.534609e-14
2.374000e+03 7.526583e-14
2.375000e+03 7.518570e-14
2.376000e+03 7.510568e-14
2.377000e+03 7.502577e-14
2.378000e+03 7.494599e-14
2.379000e+03 7.486633e-14
2.380000e+03 7.478678e-14
2.381000e+03 7.470735e-14
2.382000e+03 7.462804e-14
2.383000e+03 7.454885e-14
2.384000e+03 7.446977e-14
2.385000e+03 7.439081e-14
2.386000e+03 7.431197e-14
2.387000e+03 7.423324e-14
2.388000e+03 7.415464e-14
2.389000e+03 7.407614e-14
2.390000e+03 7.399776e-14
2.391000e+03 7.391950e-14
2.392000e+03 7.384136e-14
2.393000e+03 7.376333e-14
2.394000e+03 7.368541e-14
2.395000e+03 7.360761e-14
2.396000e+03 7.352992e-14
2.397000e+03 7.345235e-14
2.398000e+03 7.337489e-14
2.399000e+03 7.329755e-14
2.400000e+03 7.322031e-14
2.401000e+03 7.314320e-14
2.402000e+03 7.306619e-14
2.403000e+03 7.298930e-14
2.404000e+03 7.291253e-14
2.405000e+03 7.283586e-14
2.406000e+03 7.275931e-14
2.407000e+03 7.268287e-14
2.408000e+03 7.260654e-14
2.409000e+03 7.253032e-14
2.410000e+03 7.245422e-14
2.411000e+03 7.237822e-14
2.412000e+03 7.230234e-14
2.413000e+03 7.222657e-14
2.414000e+03 7.215091e-14
2.415000e+03 7.207536e-14
2.416000e+03 7.199992e-14
2.417000e+03 7.192459e-14
2.418000e+03 7.184937e-14
2.419000e+03 7.177426e-14
2.420000e+03 7.169925e-14
2.421000e+03 7.162436e-14
2.422000e+03 7.154958e-14
2.423000e+03 7.147491e-14
2.424000e+03 7.140034e-14
2.425000e+03 7.132589e-14
2.426000e+03 7.125154e-14
2.427000e+03 7.117730e-14
2.428000e+03 7.110317e-14
2.429000e+03 7.102914e-14
2.430000e+03 7.095522e-14
2.431000e+03 7.088141e-14
2.432000e+03 7.080771e-14
2.433000e+03 7.073412e-14
2.434000e+03 7.066063e-14
2.435000e+03 7.058725e-14
2.436000e+03 7.051397e-14
2.437000e+03 7.044080e-14
2.438000e+03 7.036774e-14
2.439000e+03 7.029478e-14
2.440000e+03 7.022192e-14
2.441000e+03 7.014918e-14
2.442000e+03 7.007653e-14
2.443000e+03 7.000400e-14
2.444000e+03 6.993156e-14
2.445000e+03 6.985923e-14
2.446000e+03 6.978701e-14
2.447000e+03 6.971489e-14
2.448000e+03 6.964288e-14
2.449000e+03 6.957096e-14
2.450000e+03 6.949915e-14
2.451000e+03 6.942745e-14
2.452000e+03 6.935585e-14
2.453000e+03 6.928435e-14
2.454000e+03 6.921295e-14
2.455000e+03 6.914166e-14
2.456000e+03 6.907047e-14
2.457000e+03 6.899938e-14
2.458000e+03 6.892839e-14
2.459000e+03 6.885751e-14
2.460000e+03 6.878672e-14
2.461000e+03 6.871604e-14
2.462000e+03 6.864546e-14
2.463000e+03 6.857498e-14
2.464000e+03 6.850460e-14
2.465000e+03 6.843432e-14
2.466000e+03 6.836415e-14
2.467000e+03 6.829407e-14
2.468000e+03 6.822409e-14
2.469000e+03 6.815422e-14
2.470000e+03 6.808444e-14
2.471000e+03 6.801476e-14
2.472000e+03 6.794519e-14
2.473000e+03 6.787571e-14
2.474000e+03 6.780633e-14
2.475000e+03 6.773705e-14
2.476000e+03 6.766787e-14
2.477000e+03 6.759878e-14
2.478000e+03 6.752980e-14
2.479000e+03 6.746091e-14
2.480000e+03 6.739212e-14
2.481000e+03 6.732343e-14
2.482000e+03 6.725484e-14
2.483000e+03 6.718634e-14
2.484000e+03 6.711794e-14
2.485000e+03 6.704964e-14
2.486000e+03 6.698144e-14
2.487000e+03 6.691333e-14
2.488000e+03 6.684532e-14
2.489000e+03 6.677741e-14
2.490000e+03 6.670959e-14
2.491000e+03 6.664187e-14
2.492000e+03 6.657424e-14
2.493000e+03 6.650671e-14
2.494000e+03 6.643927e-14
2.495000e+03 6.637193e-14
2.496000e+03 6.630469e-14
2.497000e+03 6.623754e-14
2.498000e+03 6.617048e-14
2.499000e+03 6.610352e-14
2.500000e+03 6.603666e-14
2.501000e+03 6.596989e-14
2.502000e+03 6.590321e-14
2.503000e+03 6.583663e-14
2.504000e+03 6.577014e-14
2.505000e+03 6.570374e-14
2.506000e+03 6.563744e-14
2.507000e+03 6.557123e-14
2.508000e+03 6.550512e-14
2.509000e+03 6.543910e-14
2.510000e+03 6.537317e-14
2.511000e+03 6.530733e-14
2.512000e+03 6.524158e-14
2.513000e+03 6.517593e-14
2.514000e+03 6.511037e-14
2.515000e+03 6.504490e-14
2.516000e+03 6.497953e-14
2.517000e+03 6.491424e-14
2.518000e+03 6.484905e-14
2.519000e+03 6.478395e-14
2.520000e+03 6.471894e-14
2.521000e+03 6.465402e-14
2.522000e+03 6.458919e-14
2.523000e+03 6.452445e-14
2.524000e+03 6.445980e-14
2.525000e+03 6.439524e-14
2.526000e+03 6.433078e-14
2.527000e+03 6.426640e-14
2.528000e+03 6.420211e-14
2.529000e+03 6.413791e-14
2.530000e+03 6.407381e-14
2.531000e+03 6.400979e-14
2.532000e+03 6.394586e-14
2.533000e+03 6.388202e-14
2.534000e+03 6.381827e-14
2.535000e+03 6.375460e-14
2.536000e+03 6.369103e-14
2.537000e+03 6.362754e-14
2.538000e+03 6.356415e-14
2.539000e+03 6.350084e-14
2.540000e+03 6.343761e-14
2.541000e+03 6.337448e-14
2.542000e+03 6.331144e-14
2.543000e+03 6.324848e-14
2.544000e+03 6.318561e-14
2.545000e+03 6.312282e-14
2.546000e+03 6.306012e-14
2.547000e+03 6.299751e-14
2.548000e+03 6.293499e-14
2.549000e+03 6.287255e-14
2.550000e+03 6.281020e-14
2.551000e+03 6.274794e-14
2.552000e+03 6.268576e-14
2.553000e+03 6.262367e-14
2.554000e+03 6.256166e-14
2.555000e+03 6.249974e-14
2.556000e+03 6.243790e-14
2.557000e+03 6.237615e-14
2.558000e+03 6.231449e-14
2.559000e+03 6.225291e-14
2.560000e+03 6.219141e-14
2.561000e+03 6.213000e-14
2.562000e+03 6.206868e-14
2.563000e+03 6.200744e-14
2.564000e+03 6.194628e-14
2.565000e+03 6.188521e-14
2.566000e+03 6.182422e-14
2.567000e+03 6.176331e-14
2.568000e+03 6.170249e-14
2.569000e+03 6.164175e-14
2.570000e+03 6.158110e-14
2.571000e+03 6.152053e-14
2.572000e+03 6.146004e-14
2.573000e+03 6.139964e-14
2.574000e+03 6.133931e-14
2.575000e+03 6.127907e-14
2.576000e+03 6.121892e-14
2.577000e+03 6.115884e-14
2.578000e+03 6.109885e-14
2.579000e+03 6.103894e-14
2.580000e+03 6.097911e-14
2.581000e+03 6.091936e-14
2.582000e+03 6.085970e-14
2.583000e+03 6.080011e-14
2.584000e+03 6.074061e-14
2.585000e+03 6.068119e-14
2.586000e+03 6.062185e-14
2.587000e+03 6.056259e-14
2.588000e+03 6.050341e-14
2.589000e+03 6.044432e-14
2.590000e+03 6.038530e-14
2.591000e+03 6.032636e-14
2.592000e+03 6.026751e-14
2.593000e+03 6.020873e-14
2.594000e+03 6.015003e-14
2.595000e+03 6.009142e-14
2.596000e+03 6.003288e-14
2.597000e+03 5.997442e-14
2.598000e+03 5.991604e-14
2.599000e+03 5.985775e-14
2.600000e+03 5.979953e-14
