# ell C_ell
2.000000e+00 8.647618e-05
3.000000e+00 2.955971e-05
4.000000e+00 1.380158e-05
5.000000e+00 7.644734e-06
6.000000e+00 4.717723e-06
7.000000e+00 3.136843e-06
8.000000e+00 2.202728e-06
9.000000e+00 1.612635e-06
1.000000e+01 1.220098e-06
1.100000e+01 9.480008e-07
1.200000e+01 7.529474e-07
1.300000e+01 6.091623e-07
1.400000e+01 5.006394e-07
1.500000e+01 4.170598e-07
1.600000e+01 3.515549e-07
1.700000e+01 2.994250e-07
1.800000e+01 2.573762e-07
1.900000e+01 2.230503e-07
2.000000e+01 1.947273e-07
2.100000e+01 1.711310e-07
2.200000e+01 1.513007e-07
2.300000e+01 1.345027e-07
2.400000e+01 1.201702e-07
2.500000e+01 1.078600e-07
2.600000e+01 9.722215e-08
2.700000e+01 8.797760e-08
2.800000e+01 7.990193e-08
2.900000e+01 7.281316e-08
3.000000e+01 6.656264e-08
3.100000e+01 6.102804e-08
3.200000e+01 5.610807e-08
3.300000e+01 5.171835e-08
3.400000e+01 4.778815e-08
3.500000e+01 4.425791e-08
3.600000e+01 4.107718e-08
3.700000e+01 3.820302e-08
3.800000e+01 3.559878e-08
3.900000e+01 3.323295e-08
4.000000e+01 3.107842e-08
4.100000e+01 2.911172e-08
4.200000e+01 2.731247e-08
4.300000e+01 2.566292e-08
4.400000e+01 2.414755e-08
4.500000e+01 2.275277e-08
4.600000e+01 2.146660e-08
4.700000e+01 2.027850e-08
4.800000e+01 1.917914e-08
4.900000e+01 1.816023e-08
5.000000e+01 1.721443e-08
5.100000e+01 1.633518e-08
5.200000e+01 1.551663e-08
5.300000e+01 1.475354e-08
5.400000e+01 1.404120e-08
5.500000e+01 1.337540e-08
5.600000e+01 1.275233e-08
5.700000e+01 1.216855e-08
5.800000e+01 1.162096e-08
5.900000e+01 1.110676e-08
6.000000e+01 1.062338e-08
6.100000e+01 1.016852e-08
6.200000e+01 9.740059e-09
6.300000e+01 9.336083e-09
6.400000e+01 8.954834e-09
6.500000e+01 8.594708e-09
6.600000e+01 8.254235e-09
6.700000e+01 7.932071e-09
6.800000e+01 7.626977e-09
6.900000e+01 7.337820e-09
7.000000e+01 7.063552e-09
7.100000e+01 6.803210e-09
7.200000e+01 6.555907e-09
7.300000e+01 6.320821e-09
7.400000e+01 6.097193e-09
7.500000e+01 5.884322e-09
7.600000e+01 5.681556e-09
7.700000e+01 5.488292e-09
7.800000e+01 5.303971e-09
7.900000e+01 5.128071e-09
8.000000e+01 4.960109e-09
8.100000e+01 4.799633e-09
8.200000e+01 4.646223e-09
8.300000e+01 4.499489e-09
8.400000e+01 4.359063e-09
8.500000e+01 4.224605e-09
8.600000e+01 4.095795e-09
8.700000e+01 3.972335e-09
8.800000e+01 3.853943e-09
8.900000e+01 3.740359e-09
9.000000e+01 3.631336e-09
9.100000e+01 3.526643e-09
9.200000e+01 3.426064e-09
9.300000e+01 3.329395e-09
9.400000e+01 3.236444e-09
9.500000e+01 3.147031e-09
9.600000e+01 3.060985e-09
9.700000e+01 2.978148e-09
9.800000e+01 2.898368e-09
9.900000e+01 2.821503e-09
1.000000e+02 2.747419e-09
1.010000e+02 2.675988e-09
1.020000e+02 2.607091e-09
1.030000e+02 2.540614e-09
1.040000e+02 2.476450e-09
1.050000e+02 2.414498e-09
1.060000e+02 2.354661e-09
1.070000e+02 2.296848e-09
1.080000e+02 2.240972e-09
1.090000e+02 2.186953e-09
1.100000e+02 2.134711e-09
1.110000e+02 2.084173e-09
1.120000e+02 2.035268e-09
1.130000e+02 1.987931e-09
1.140000e+02 1.942097e-09
1.150000e+02 1.897707e-09
1.160000e+02 1.854703e-09
1.170000e+02 1.813030e-09
1.180000e+02 1.772635e-09
1.190000e+02 1.733471e-09
1.200000e+02 1.695489e-09
1.210000e+02 1.658644e-09
1.220000e+02 1.622893e-09
1.230000e+02 1.588195e-09
1.240000e+02 1.554511e-09
1.250000e+02 1.521803e-09
1.260000e+02 1.490036e-09
1.270000e+02 1.459176e-09
1.280000e+02 1.429189e-09
1.290000e+02 1.400045e-09
1.300000e+02 1.371713e-09
1.310000e+02 1.344165e-09
1.320000e+02 1.317374e-09
1.330000e+02 1.291313e-09
1.340000e+02 1.265956e-09
1.350000e+02 1.241281e-09
1.360000e+02 1.217264e-09
1.370000e+02 1.193882e-09
1.380000e+02 1.171114e-09
1.390000e+02 1.148940e-09
1.400000e+02 1.127341e-09
1.410000e+02 1.106297e-09
1.420000e+02 1.085791e-09
1.430000e+02 1.065804e-09
1.440000e+02 1.046321e-09
1.450000e+02 1.027325e-09
1.460000e+02 1.008801e-09
1.470000e+02 9.907345e-10
1.480000e+02 9.731105e-10
1.490000e+02 9.559154e-10
1.500000e+02 9.391362e-10
1.510000e+02 9.227601e-10
1.520000e+02 9.067749e-10
1.530000e+02 8.911687e-10
1.540000e+02 8.759301e-10
1.550000e+02 8.610482e-10
1.560000e+02 8.465125e-10
1.570000e+02 8.323126e-10
1.580000e+02 8.184389e-10
1.590000e+02 8.048818e-10
1.600000e+02 7.916321e-10
1.610000e+02 7.786811e-10
1.620000e+02 7.660202e-10
1.630000e+02 7.536412e-10
1.640000e+02 7.415361e-10
1.650000e+02 7.296973e-10
1.660000e+02 7.181173e-10
1.670000e+02 7.067890e-10
1.680000e+02 6.957054e-10
1.690000e+02 6.848599e-10
1.700000e+02 6.742459e-10
1.710000e+02 6.638573e-10
1.720000e+02 6.536879e-10
1.730000e+02 6.437319e-10
1.740000e+02 6.339836e-10
1.750000e+02 6.244375e-10
1.760000e+02 6.150884e-10
1.770000e+02 6.059310e-10
1.780000e+02 5.969604e-10
1.790000e+02 5.881717e-10
1.800000e+02 5.795603e-10
1.810000e+02 5.711217e-10
1.820000e+02 5.628514e-10
1.830000e+02 5.547452e-10
1.840000e+02 5.467990e-10
1.850000e+02 5.390088e-10
1.860000e+02 5.313706e-10
1.870000e+02 5.238808e-10
1.880000e+02 5.165356e-10
1.890000e+02 5.093316e-10
1.900000e+02 5.022653e-10
1.910000e+02 4.953333e-10
1.920000e+02 4.885325e-10
1.930000e+02 4.818596e-10
1.940000e+02 4.753117e-10
1.950000e+02 4.688857e-10
1.960000e+02 4.625789e-10
1.970000e+02 4.563883e-10
1.980000e+02 4.503112e-10
1.990000e+02 4.443451e-10
2.000000e+02 4.384874e-10
2.010000e+02 4.327355e-10
2.020000e+02 4.270870e-10
2.030000e+02 4.215396e-10
2.040000e+02 4.160911e-10
2.050000e+02 4.107390e-10
2.060000e+02 4.054814e-10
2.070000e+02 4.003160e-10
2.080000e+02 3.952409e-10
2.090000e+02 3.902539e-10
2.100000e+02 3.853533e-10
2.110000e+02 3.805370e-10
2.120000e+02 3.758033e-10
2.130000e+02 3.711503e-10
2.140000e+02 3.665763e-10
2.150000e+02 3.620797e-10
2.160000e+02 3.576586e-10
2.170000e+02 3.533116e-10
2.180000e+02 3.490371e-10
2.190000e+02 3.448335e-10
2.200000e+02 3.406993e-10
2.210000e+02 3.366331e-10
2.220000e+02 3.326334e-10
2.230000e+02 3.286989e-10
2.240000e+02 3.248283e-10
2.250000e+02 3.210202e-10
2.260000e+02 3.172733e-10
2.270000e+02 3.135864e-10
2.280000e+02 3.099583e-10
2.290000e+02 3.063877e-10
2.300000e+02 3.028736e-10
2.310000e+02 2.994147e-10
2.320000e+02 2.960101e-10
2.330000e+02 2.926585e-10
2.340000e+02 2.893591e-10
2.350000e+02 2.861106e-10
2.360000e+02 2.829122e-10
2.370000e+02 2.797628e-10
2.380000e+02 2.766615e-10
2.390000e+02 2.736074e-10
2.400000e+02 2.705996e-10
2.410000e+02 2.676371e-10
2.420000e+02 2.647191e-10
2.430000e+02 2.618448e-10
2.440000e+02 2.590133e-10
2.450000e+02 2.562238e-10
2.460000e+02 2.534755e-10
2.470000e+02 2.507677e-10
2.480000e+02 2.480996e-10
2.490000e+02 2.454704e-10
2.500000e+02 2.428794e-10
2.510000e+02 2.403260e-10
2.520000e+02 2.378094e-10
2.530000e+02 2.353290e-10
2.540000e+02 2.328841e-10
2.550000e+02 2.304741e-10
2.560000e+02 2.280982e-10
2.570000e+02 2.257560e-10
2.580000e+02 2.234468e-10
2.590000e+02 2.211700e-10
2.600000e+02 2.189251e-10
2.610000e+02 2.167114e-10
2.620000e+02 2.145284e-10
2.630000e+02 2.123757e-10
2.640000e+02 2.102525e-10
2.650000e+02 2.081585e-10
2.660000e+02 2.060932e-10
2.670000e+02 2.040559e-10
2.680000e+02 2.020463e-10
2.690000e+02 2.000639e-10
2.700000e+02 1.981082e-10
2.710000e+02 1.961787e-10
2.720000e+02 1.942750e-10
2.730000e+02 1.923966e-10
2.740000e+02 1.905432e-10
2.750000e+02 1.887143e-10
2.760000e+02 1.869095e-10
2.770000e+02 1.851284e-10
2.780000e+02 1.833706e-10
2.790000e+02 1.816357e-10
2.800000e+02 1.799234e-10
2.810000e+02 1.782332e-10
2.820000e+02 1.765647e-10
2.830000e+02 1.749178e-10
2.840000e+02 1.732919e-10
2.850000e+02 1.716868e-10
2.860000e+02 1.701021e-10
2.870000e+02 1.685375e-10
2.880000e+02 1.669926e-10
2.890000e+02 1.654672e-10
2.900000e+02 1.639609e-10
2.910000e+02 1.624734e-10
2.920000e+02 1.610044e-10
2.930000e+02 1.595537e-10
2.940000e+02 1.581210e-10
2.950000e+02 1.567059e-10
2.960000e+02 1.553082e-10
2.970000e+02 1.539276e-10
2.980000e+02 1.525639e-10
2.990000e+02 1.512167e-10
3.000000e+02 1.498859e-10
3.010000e+02 1.485712e-10
3.020000e+02 1.472723e-10
3.030000e+02 1.459890e-10
3.040000e+02 1.447210e-10
3.050000e+02 1.434682e-10
3.060000e+02 1.422303e-10
3.070000e+02 1.410070e-10
3.080000e+02 1.397982e-10
3.090000e+02 1.386036e-10
3.100000e+02 1.374231e-10
3.110000e+02 1.362563e-10
3.120000e+02 1.351032e-10
3.130000e+02 1.339634e-10
3.140000e+02 1.328369e-10
3.150000e+02 1.317234e-10
3.160000e+02 1.306226e-10
3.170000e+02 1.295346e-10
3.180000e+02 1.284589e-10
3.190000e+02 1.273956e-10
3.200000e+02 1.263443e-10
3.210000e+02 1.253049e-10
3.220000e+02 1.242773e-10
3.230000e+02 1.232613e-10
3.240000e+02 1.222566e-10
3.250000e+02 1.212632e-10
3.260000e+02 1.202809e-10
3.270000e+02 1.193096e-10
3.280000e+02 1.183490e-10
3.290000e+02 1.173990e-10
3.300000e+02 1.164595e-10
3.310000e+02 1.155303e-10
3.320000e+02 1.146113e-10
3.330000e+02 1.137024e-10
3.340000e+02 1.128033e-10
3.350000e+02 1.119141e-10
3.360000e+02 1.110344e-10
3.370000e+02 1.101643e-10
3.380000e+02 1.093035e-10
3.390000e+02 1.084519e-10
3.400000e+02 1.076095e-10
3.410000e+02 1.067760e-10
3.420000e+02 1.059515e-10
3.430000e+02 1.051356e-10
3.440000e+02 1.043284e-10
3.450000e+02 1.035297e-10
3.460000e+02 1.027394e-10
3.470000e+02 1.019574e-10
3.480000e+02 1.011836e-10
3.490000e+02 1.004179e-10
3.500000e+02 9.966007e-11
3.510000e+02 9.891014e-11
3.520000e+02 9.816795e-11
3.530000e+02 9.743342e-11
3.540000e+02 9.670643e-11
3.550000e+02 9.598690e-11
3.560000e+02 9.527473e-11
3.570000e+02 9.456981e-11
3.580000e+02 9.387206e-11
3.590000e+02 9.318138e-11
3.600000e+02 9.249768e-11
3.610000e+02 9.182088e-11
3.620000e+02 9.115088e-11
3.630000e+02 9.048759e-11
3.640000e+02 8.983094e-11
3.650000e+02 8.918084e-11
3.660000e+02 8.853720e-11
3.670000e+02 8.789994e-11
3.680000e+02 8.726898e-11
3.690000e+02 8.664425e-11
3.700000e+02 8.602566e-11
3.710000e+02 8.541314e-11
3.720000e+02 8.480661e-11
3.730000e+02 8.420600e-11
3.740000e+02 8.361124e-11
3.750000e+02 8.302225e-11
3.760000e+02 8.243895e-11
3.770000e+02 8.186129e-11
3.780000e+02 8.128920e-11
3.790000e+02 8.072259e-11
3.800000e+02 8.016141e-11
3.810000e+02 7.960560e-11
3.820000e+02 7.905507e-11
3.830000e+02 7.850978e-11
3.840000e+02 7.796966e-11
3.850000e+02 7.743465e-11
3.860000e+02 7.690468e-11
3.870000e+02 7.637969e-11
3.880000e+02 7.585963e-11
3.890000e+02 7.534443e-11
3.900000e+02 7.483405e-11
3.910000e+02 7.432841e-11
3.920000e+02 7.382747e-11
3.930000e+02 7.333117e-11
3.940000e+02 7.283945e-11
3.950000e+02 7.235227e-11
3.960000e+02 7.186956e-11
3.970000e+02 7.139128e-11
3.980000e+02 7.091737e-11
3.990000e+02 7.044778e-11
4.000000e+02 6.998247e-11
4.010000e+02 6.952139e-11
4.020000e+02 6.906447e-11
4.030000e+02 6.861169e-11
4.040000e+02 6.816298e-11
4.050000e+02 6.771831e-11
4.060000e+02 6.727762e-11
4.070000e+02 6.684088e-11
4.080000e+02 6.640803e-11
4.090000e+02 6.597903e-11
4.100000e+02 6.555385e-11
4.110000e+02 6.513242e-11
4.120000e+02 6.471473e-11
4.130000e+02 6.430071e-11
4.140000e+02 6.389033e-11
4.150000e+02 6.348356e-11
4.160000e+02 6.308034e-11
4.170000e+02 6.268064e-11
4.180000e+02 6.228443e-11
4.190000e+02 6.189165e-11
4.200000e+02 6.150229e-11
4.210000e+02 6.111628e-11
4.220000e+02 6.073361e-11
4.230000e+02 6.035423e-11
4.240000e+02 5.997811e-11
4.250000e+02 5.960521e-11
4.260000e+02 5.923550e-11
4.270000e+02 5.886893e-11
4.280000e+02 5.850549e-11
4.290000e+02 5.814513e-11
4.300000e+02 5.778782e-11
4.310000e+02 5.743353e-11
4.320000e+02 5.708223e-11
4.330000e+02 5.673388e-11
4.340000e+02 5.638845e-11
4.350000e+02 5.604591e-11
4.360000e+02 5.570623e-11
4.370000e+02 5.536938e-11
4.380000e+02 5.503533e-11
4.390000e+02 5.470405e-11
4.400000e+02 5.437552e-11
4.410000e+02 5.404969e-11
4.420000e+02 5.372655e-11
4.430000e+02 5.340607e-11
4.440000e+02 5.308821e-11
4.450000e+02 5.277295e-11
4.460000e+02 5.246027e-11
4.470000e+02 5.215013e-11
4.480000e+02 5.184251e-11
4.490000e+02 5.153739e-11
4.500000e+02 5.123474e-11
4.510000e+02 5.093453e-11
4.520000e+02 5.063674e-11
4.530000e+02 5.034134e-11
4.540000e+02 5.004831e-11
4.550000e+02 4.975762e-11
4.560000e+02 4.946926e-11
4.570000e+02 4.918319e-11
4.580000e+02 4.889940e-11
4.590000e+02 4.861786e-11
4.600000e+02 4.833855e-11
4.610000e+02 4.806144e-11
4.620000e+02 4.778652e-11
4.630000e+02 4.751376e-11
4.640000e+02 4.724314e-11
4.650000e+02 4.697463e-11
4.660000e+02 4.670823e-11
4.670000e+02 4.644390e-11
4.680000e+02 4.618163e-11
4.690000e+02 4.592140e-11
4.700000e+02 4.566318e-11
4.710000e+02 4.540696e-11
4.720000e+02 4.515271e-11
4.730000e+02 4.490042e-11
4.740000e+02 4.465007e-11
4.750000e+02 4.440164e-11
4.760000e+02 4.415511e-11
4.770000e+02 4.391046e-11
4.780000e+02 4.366768e-11
4.790000e+02 4.342674e-11
4.800000e+02 4.318763e-11
4.810000e+02 4.295032e-11
4.820000e+02 4.271481e-11
4.830000e+02 4.248108e-11
4.840000e+02 4.224911e-11
4.850000e+02 4.201887e-11
4.860000e+02 4.179036e-11
4.870000e+02 4.156356e-11
4.880000e+02 4.133846e-11
4.890000e+02 4.111502e-11
4.900000e+02 4.089325e-11
4.910000e+02 4.067313e-11
4.920000e+02 4.045463e-11
4.930000e+02 4.023775e-11
4.940000e+02 4.002246e-11
4.950000e+02 3.980876e-11
4.960000e+02 3.959663e-11
4.970000e+02 3.938605e-11
4.980000e+02 3.917701e-11
4.990000e+02 3.896950e-11
5.000000e+02 3.876350e-11
5.010000e+02 3.855899e-11
5.020000e+02 3.835597e-11
5.030000e+02 3.815442e-11
5.040000e+02 3.795433e-11
5.050000e+02 3.775568e-11
5.060000e+02 3.755845e-11
5.070000e+02 3.736265e-11
5.080000e+02 3.716825e-11
5.090000e+02 3.697524e-11
5.100000e+02 3.678360e-11
5.110000e+02 3.659334e-11
5.120000e+02 3.640442e-11
5.130000e+02 3.621685e-11
5.140000e+02 3.603060e-11
5.150000e+02 3.584568e-11
5.160000e+02 3.566206e-11
5.170000e+02 3.547973e-11
5.180000e+02 3.529868e-11
5.190000e+02 3.511890e-11
5.200000e+02 3.494039e-11
5.210000e+02 3.476312e-11
5.220000e+02 3.458708e-11
5.230000e+02 3.441228e-11
5.240000e+02 3.423869e-11
5.250000e+02 3.406630e-11
5.260000e+02 3.389510e-11
5.270000e+02 3.372509e-11
5.280000e+02 3.355625e-11
5.290000e+02 3.338858e-11
5.300000e+02 3.322205e-11
5.310000e+02 3.305667e-11
5.320000e+02 3.289242e-11
5.330000e+02 3.272929e-11
5.340000e+02 3.256728e-11
5.350000e+02 3.240636e-11
5.360000e+02 3.224654e-11
5.370000e+02 3.208781e-11
5.380000e+02 3.193015e-11
5.390000e+02 3.177355e-11
5.400000e+02 3.161801e-11
5.410000e+02 3.146352e-11
5.420000e+02 3.131007e-11
5.430000e+02 3.115764e-11
5.440000e+02 3.100624e-11
5.450000e+02 3.085584e-11
5.460000e+02 3.070646e-11
5.470000e+02 3.055806e-11
5.480000e+02 3.041065e-11
5.490000e+02 3.026422e-11
5.500000e+02 3.011876e-11
5.510000e+02 2.997426e-11
5.520000e+02 2.983071e-11
5.530000e+02 2.968811e-11
5.540000e+02 2.954645e-11
5.550000e+02 2.940572e-11
5.560000e+02 2.926590e-11
5.570000e+02 2.912701e-11
5.580000e+02 2.898901e-11
5.590000e+02 2.885192e-11
5.600000e+02 2.871572e-11
5.610000e+02 2.858041e-11
5.620000e+02 2.844597e-11
5.630000e+02 2.831240e-11
5.640000e+02 2.817969e-11
5.650000e+02 2.804784e-11
5.660000e+02 2.791683e-11
5.670000e+02 2.778667e-11
5.680000e+02 2.765735e-11
5.690000e+02 2.752885e-11
5.700000e+02 2.740117e-11
5.710000e+02 2.727431e-11
5.720000e+02 2.714825e-11
5.730000e+02 2.702299e-11
5.740000e+02 2.689853e-11
5.750000e+02 2.677486e-11
5.760000e+02 2.665197e-11
5.770000e+02 2.652986e-11
5.780000e+02 2.640852e-11
5.790000e+02 2.628794e-11
5.800000e+02 2.616811e-11
5.810000e+02 2.604904e-11
5.820000e+02 2.593071e-11
5.830000e+02 2.581312e-11
5.840000e+02 2.569627e-11
5.850000e+02 2.558014e-11
5.860000e+02 2.546474e-11
5.870000e+02 2.535005e-11
5.880000e+02 2.523607e-11
5.890000e+02 2.512280e-11
5.900000e+02 2.501022e-11
5.910000e+02 2.489834e-11
5.920000e+02 2.478715e-11
5.930000e+02 2.467664e-11
5.940000e+02 2.456681e-11
5.950000e+02 2.445765e-11
5.960000e+02 2.434915e-11
5.970000e+02 2.424132e-11
5.980000e+02 2.413415e-11
5.990000e+02 2.402763e-11
6.000000e+02 2.392175e-11
6.010000e+02 2.381652e-11
6.020000e+02 2.371192e-11
6.030000e+02 2.360796e-11
6.040000e+02 2.350462e-11
6.050000e+02 2.340190e-11
6.060000e+02 2.329981e-11
6.070000e+02 2.319832e-11
6.080000e+02 2.309744e-11
6.090000e+02 2.299717e-11
6.100000e+02 2.289749e-11
6.110000e+02 2.279841e-11
6.120000e+02 2.269992e-11
6.130000e+02 2.260201e-11
6.140000e+02 2.250469e-11
6.150000e+02 2.240794e-11
6.160000e+02 2.231176e-11
6.170000e+02 2.221615e-11
6.180000e+02 2.212111e-11
6.190000e+02 2.202662e-11
6.200000e+02 2.193269e-11
6.210000e+02 2.183931e-11
6.220000e+02 2.174648e-11
6.230000e+02 2.165418e-11
6.240000e+02 2.156243e-11
6.250000e+02 2.147122e-11
6.260000e+02 2.138053e-11
6.270000e+02 2.129037e-11
6.280000e+02 2.120073e-11
6.290000e+02 2.111162e-11
6.300000e+02 2.102301e-11
6.310000e+02 2.093492e-11
6.320000e+02 2.084734e-11
6.330000e+02 2.076026e-11
6.340000e+02 2.067368e-11
6.350000e+02 2.058760e-11
6.360000e+02 2.050201e-11
6.370000e+02 2.041691e-11
6.380000e+02 2.033230e-11
6.390000e+02 2.024817e-11
6.400000e+02 2.016452e-11
6.410000e+02 2.008134e-11
6.420000e+02 1.999863e-11
6.430000e+02 1.991640e-11
6.440000e+02 1.983463e-11
6.450000e+02 1.975332e-11
6.460000e+02 1.967247e-11
6.470000e+02 1.959207e-11
6.480000e+02 1.951213e-11
6.490000e+02 1.943263e-11
6.500000e+02 1.935358e-11
6.510000e+02 1.927498e-11
6.520000e+02 1.919681e-11
6.530000e+02 1.911908e-11
6.540000e+02 1.904178e-11
6.550000e+02 1.896491e-11
6.560000e+02 1.888847e-11
6.570000e+02 1.881245e-11
6.580000e+02 1.873685e-11
6.590000e+02 1.866167e-11
6.600000e+02 1.858691e-11
6.610000e+02 1.851255e-11
6.620000e+02 1.843861e-11
6.630000e+02 1.836507e-11
6.640000e+02 1.829194e-11
6.650000e+02 1.821921e-11
6.660000e+02 1.814687e-11
6.670000e+02 1.807493e-11
6.680000e+02 1.800339e-11
6.690000e+02 1.793223e-11
6.700000e+02 1.786146e-11
6.710000e+02 1.779107e-11
6.720000e+02 1.772106e-11
6.730000e+02 1.765144e-11
6.740000e+02 1.758219e-11
6.750000e+02 1.751331e-11
6.760000e+02 1.744481e-11
6.770000e+02 1.737667e-11
6.780000e+02 1.730890e-11
6.790000e+02 1.724149e-11
6.800000e+02 1.717445e-11
6.810000e+02 1.710776e-11
6.820000e+02 1.704143e-11
6.830000e+02 1.697545e-11
6.840000e+02 1.690983e-11
6.850000e+02 1.684455e-11
6.860000e+02 1.677962e-11
6.870000e+02 1.671503e-11
6.880000e+02 1.665079e-11
6.890000e+02 1.658689e-11
6.900000e+02 1.652332e-11
6.910000e+02 1.646009e-11
6.920000e+02 1.639719e-11
6.930000e+02 1.633462e-11
6.940000e+02 1.627238e-11
6.950000e+02 1.621047e-11
6.960000e+02 1.614888e-11
6.970000e+02 1.608761e-11
6.980000e+02 1.602667e-11
6.990000e+02 1.596604e-11
7.000000e+02 1.590572e-11
7.010000e+02 1.584572e-11
7.020000e+02 1.578603e-11
7.030000e+02 1.572665e-11
7.040000e+02 1.566758e-11
7.050000e+02 1.560881e-11
7.060000e+02 1.555035e-11
7.070000e+02 1.549219e-11
7.080000e+02 1.543432e-11
7.090000e+02 1.537676e-11
7.100000e+02 1.531949e-11
7.110000e+02 1.526251e-11
7.120000e+02 1.520582e-11
7.130000e+02 1.514943e-11
7.140000e+02 1.509332e-11
7.150000e+02 1.503750e-11
7.160000e+02 1.498196e-11
7.170000e+02 1.492670e-11
7.180000e+02 1.487172e-11
7.190000e+02 1.481703e-11
7.200000e+02 1.476261e-11
7.210000e+02 1.470846e-11
7.220000e+02 1.465459e-11
7.230000e+02 1.460099e-11
7.240000e+02 1.454766e-11
7.250000e+02 1.449459e-11
7.260000e+02 1.444180e-11
7.270000e+02 1.438927e-11
7.280000e+02 1.433700e-11
7.290000e+02 1.428499e-11
7.300000e+02 1.423324e-11
7.310000e+02 1.418175e-11
7.320000e+02 1.413051e-11
7.330000e+02 1.407953e-11
7.340000e+02 1.402881e-11
7.350000e+02 1.397833e-11
7.360000e+02 1.392811e-11
7.370000e+02 1.387813e-11
7.380000e+02 1.382840e-11
7.390000e+02 1.377892e-11
7.400000e+02 1.372967e-11
7.410000e+02 1.368067e-11
7.420000e+02 1.363192e-11
7.430000e+02 1.358340e-11
7.440000e+02 1.353511e-11
7.450000e+02 1.348707e-11
7.460000e+02 1.343926e-11
7.470000e+02 1.339168e-11
7.480000e+02 1.334433e-11
7.490000e+02 1.329722e-11
7.500000e+02 1.325033e-11
7.510000e+02 1.320367e-11
7.520000e+02 1.315724e-11
7.530000e+02 1.311103e-11
7.540000e+02 1.306504e-11
7.550000e+02 1.301928e-11
7.560000e+02 1.297374e-11
7.570000e+02 1.292841e-11
7.580000e+02 1.288331e-11
7.590000e+02 1.283842e-11
7.600000e+02 1.279374e-11
7.610000e+02 1.274928e-11
7.620000e+02 1.270503e-11
7.630000e+02 1.266100e-11
7.640000e+02 1.261717e-11
7.650000e+02 1.257355e-11
7.660000e+02 1.253014e-11
7.670000e+02 1.248694e-11
7.680000e+02 1.244394e-11
7.690000e+02 1.240114e-11
7.700000e+02 1.235855e-11
7.710000e+02 1.231616e-11
7.720000e+02 1.227397e-11
7.730000e+02 1.223197e-11
7.740000e+02 1.219018e-11
7.750000e+02 1.214858e-11
7.760000e+02 1.210718e-11
7.770000e+02 1.206597e-11
7.780000e+02 1.202495e-11
7.790000e+02 1.198413e-11
7.800000e+02 1.194350e-11
7.810000e+02 1.190305e-11
7.820000e+02 1.186280e-11
7.830000e+02 1.182273e-11
7.840000e+02 1.178285e-11
7.850000e+02 1.174315e-11
7.860000e+02 1.170364e-11
7.870000e+02 1.166431e-11
7.880000e+02 1.162516e-11
7.890000e+02 1.158619e-11
7.900000e+02 1.154740e-11
7.910000e+02 1.150879e-11
7.920000e+02 1.147036e-11
7.930000e+02 1.143211e-11
7.940000e+02 1.139403e-11
7.950000e+02 1.135613e-11
7.960000e+02 1.131839e-11
7.970000e+02 1.128084e-11
7.980000e+02 1.124345e-11
7.990000e+02 1.120623e-11
8.000000e+02 1.116919e-11
8.010000e+02 1.113231e-11
8.020000e+02 1.109560e-11
8.030000e+02 1.105905e-11
8.040000e+02 1.102267e-11
8.050000e+02 1.098646e-11
8.060000e+02 1.095041e-11
8.070000e+02 1.091452e-11
8.080000e+02 1.087879e-11
8.090000e+02 1.084323e-11
8.100000e+02 1.080782e-11
8.110000e+02 1.077258e-11
8.120000e+02 1.073749e-11
8.130000e+02 1.070256e-11
8.140000e+02 1.066779e-11
8.150000e+02 1.063317e-11
8.160000e+02 1.059870e-11
8.170000e+02 1.056439e-11
8.180000e+02 1.053024e-11
8.190000e+02 1.049623e-11
8.200000e+02 1.046238e-11
8.210000e+02 1.042867e-11
8.220000e+02 1.039512e-11
8.230000e+02 1.036171e-11
8.240000e+02 1.032845e-11
8.250000e+02 1.029534e-11
8.260000e+02 1.026238e-11
8.270000e+02 1.022956e-11
8.280000e+02 1.019688e-11
8.290000e+02 1.016435e-11
8.300000e+02 1.013196e-11
8.310000e+02 1.009971e-11
8.320000e+02 1.006761e-11
8.330000e+02 1.003564e-11
8.340000e+02 1.000382e-11
8.350000e+02 9.972128e-12
8.360000e+02 9.940579e-12
8.370000e+02 9.909168e-12
8.380000e+02 9.877893e-12
8.390000e+02 9.846753e-12
8.400000e+02 9.815749e-12
8.410000e+02 9.784880e-12
8.420000e+02 9.754143e-12
8.430000e+02 9.723540e-12
8.440000e+02 9.693069e-12
8.450000e+02 9.662729e-12
8.460000e+02 9.632520e-12
8.470000e+02 9.602441e-12
8.480000e+02 9.572491e-12
8.490000e+02 9.542670e-12
8.500000e+02 9.512976e-12
8.510000e+02 9.483410e-12
8.520000e+02 9.453970e-12
8.530000e+02 9.424656e-12
8.540000e+02 9.395467e-12
8.550000e+02 9.366402e-12
8.560000e+02 9.337462e-12
8.570000e+02 9.308644e-12
8.580000e+02 9.279948e-12
8.590000e+02 9.251374e-12
8.600000e+02 9.222922e-12
8.610000e+02 9.194590e-12
8.620000e+02 9.166377e-12
8.630000e+02 9.138284e-12
8.640000e+02 9.110309e-12
8.650000e+02 9.082452e-12
8.660000e+02 9.054712e-12
8.670000e+02 9.027089e-12
8.680000e+02 8.999582e-12
8.690000e+02 8.972190e-12
8.700000e+02 8.944913e-12
8.710000e+02 8.917750e-12
8.720000e+02 8.890700e-12
8.730000e+02 8.863764e-12
8.740000e+02 8.836939e-12
8.750000e+02 8.810227e-12
8.760000e+02 8.783625e-12
8.770000e+02 8.757134e-12
8.780000e+02 8.730753e-12
8.790000e+02 8.704482e-12
8.800000e+02 8.678319e-12
8.810000e+02 8.652264e-12
8.820000e+02 8.626317e-12
8.830000e+02 8.600477e-12
8.840000e+02 8.574744e-12
8.850000e+02 8.549117e-12
8.860000e+02 8.523595e-12
8.870000e+02 8.498178e-12
8.880000e+02 8.472865e-12
8.890000e+02 8.447656e-12
8.900000e+02 8.422550e-12
8.910000e+02 8.397547e-12
8.920000e+02 8.372646e-12
8.930000e+02 8.347846e-12
8.940000e+02 8.323148e-12
8.950000e+02 8.298550e-12
8.960000e+02 8.274052e-12
8.970000e+02 8.249654e-12
8.980000e+02 8.225355e-12
8.990000e+02 8.201154e-12
9.000000e+02 8.177051e-12
9.010000e+02 8.153046e-12
9.020000e+02 8.129138e-12
9.030000e+02 8.105326e-12
9.040000e+02 8.081610e-12
9.050000e+02 8.057990e-12
9.060000e+02 8.034465e-12
9.070000e+02 8.011034e-12
9.080000e+02 7.987697e-12
9.090000e+02 7.964454e-12
9.100000e+02 7.941304e-12
9.110000e+02 7.918247e-12
9.120000e+02 7.895281e-12
9.130000e+02 7.872408e-12
9.140000e+02 7.849625e-12
9.150000e+02 7.826934e-12
9.160000e+02 7.804332e-12
9.170000e+02 7.781820e-12
9.180000e+02 7.759398e-12
9.190000e+02 7.737065e-12
9.200000e+02 7.714820e-12
9.210000e+02 7.692663e-12
9.220000e+02 7.670594e-12
9.230000e+02 7.648612e-12
9.240000e+02 7.626716e-12
9.250000e+02 7.604907e-12
9.260000e+02 7.583183e-12
9.270000e+02 7.561545e-12
9.280000e+02 7.539992e-12
9.290000e+02 7.518524e-12
9.300000e+02 7.497140e-12
9.310000e+02 7.475839e-12
9.320000e+02 7.454622e-12
9.330000e+02 7.433487e-12
9.340000e+02 7.412435e-12
9.350000e+02 7.391465e-12
9.360000e+02 7.370577e-12
9.370000e+02 7.349770e-12
9.380000e+02 7.329044e-12
9.390000e+02 7.308398e-12
9.400000e+02 7.287832e-12
9.410000e+02 7.267346e-12
9.420000e+02 7.246939e-12
9.430000e+02 7.226611e-12
9.440000e+02 7.206362e-12
9.450000e+02 7.186190e-12
9.460000e+02 7.166096e-12
9.470000e+02 7.146080e-12
9.480000e+02 7.126141e-12
9.490000e+02 7.106278e-12
9.500000e+02 7.086491e-12
9.510000e+02 7.066780e-12
9.520000e+02 7.047145e-12
9.530000e+02 7.027584e-12
9.540000e+02 7.008099e-12
9.550000e+02 6.988688e-12
9.560000e+02 6.969350e-12
9.570000e+02 6.950087e-12
9.580000e+02 6.930896e-12
9.590000e+02 6.911779e-12
9.600000e+02 6.892734e-12
9.610000e+02 6.873762e-12
9.620000e+02 6.854861e-12
9.630000e+02 6.836032e-12
9.640000e+02 6.817274e-12
9.650000e+02 6.798587e-12
9.660000e+02 6.779970e-12
9.670000e+02 6.761423e-12
9.680000e+02 6.742947e-12
9.690000e+02 6.724539e-12
9.700000e+02 6.706201e-12
9.710000e+02 6.687932e-12
9.720000e+02 6.669732e-12
9.730000e+02 6.651599e-12
9.740000e+02 6.633534e-12
9.750000e+02 6.615537e-12
9.760000e+02 6.597607e-12
9.770000e+02 6.579744e-12
9.780000e+02 6.561947e-12
9.790000e+02 6.544217e-12
9.800000e+02 6.526553e-12
9.810000e+02 6.508954e-12
9.820000e+02 6.491421e-12
9.830000e+02 6.473952e-12
9.840000e+02 6.456549e-12
9.850000e+02 6.439209e-12
9.860000e+02 6.421934e-12
9.870000e+02 6.404723e-12
9.880000e+02 6.387575e-12
9.890000e+02 6.370490e-12
9.900000e+02 6.353468e-12
9.910000e+02 6.336509e-12
9.920000e+02 6.319612e-12
9.930000e+02 6.302777e-12
9.940000e+02 6.286004e-12
9.950000e+02 6.269292e-12
9.960000e+02 6.252641e-12
9.970000e+02 6.236051e-12
9.980000e+02 6.219522e-12
9.990000e+02 6.203053e-12
1.000000e+03 6.186645e-12
1.001000e+03 6.170295e-12
1.002000e+03 6.154006e-12
1.003000e+03 6.137775e-12
1.004000e+03 6.121604e-12
1.005000e+03 6.105491e-12
1.006000e+03 6.089436e-12
1.007000e+03 6.073440e-12
1.008000e+03 6.057501e-12
1.009000e+03 6.041620e-12
1.010000e+03 6.025796e-12
1.011000e+03 6.010030e-12
1.012000e+03 5.994320e-12
1.013000e+03 5.978666e-12
1.014000e+03 5.963069e-12
1.015000e+03 5.947528e-12
1.016000e+03 5.932043e-12
1.017000e+03 5.916613e-12
1.018000e+03 5.901238e-12
1.019000e+03 5.885919e-12
1.020000e+03 5.870654e-12
1.021000e+03 5.855443e-12
1.022000e+03 5.840287e-12
1.023000e+03 5.825185e-12
1.024000e+03 5.810137e-12
1.025000e+03 5.795142e-12
1.026000e+03 5.780200e-12
1.027000e+03 5.765311e-12
1.028000e+03 5.750475e-12
1.029000e+03 5.735692e-12
1.030000e+03 5.720961e-12
1.031000e+03 5.706282e-12
1.032000e+03 5.691655e-12
1.033000e+03 5.677080e-12
1.034000e+03 5.662556e-12
1.035000e+03 5.648083e-12
1.036000e+03 5.633661e-12
1.037000e+03 5.619289e-12
1.038000e+03 5.604968e-12
1.039000e+03 5.590698e-12
1.040000e+03 5.576477e-12
1.041000e+03 5.562306e-12
1.042000e+03 5.548185e-12
1.043000e+03 5.534113e-12
1.044000e+03 5.520090e-12
1.045000e+03 5.506116e-12
1.046000e+03 5.492191e-12
1.047000e+03 5.478314e-12
1.048000e+03 5.464486e-12
1.049000e+03 5.450705e-12
1.050000e+03 5.436972e-12
1.051000e+03 5.423287e-12
1.052000e+03 5.409650e-12
1.053000e+03 5.396059e-12
1.054000e+03 5.382516e-12
1.055000e+03 5.369019e-12
1.056000e+03 5.355569e-12
1.057000e+03 5.342166e-12
1.058000e+03 5.328808e-12
1.059000e+03 5.315497e-12
1.060000e+03 5.302231e-12
1.061000e+03 5.289011e-12
1.062000e+03 5.275836e-12
1.063000e+03 5.262706e-12
1.064000e+03 5.249622e-12
1.065000e+03 5.236582e-12
1.066000e+03 5.223587e-12
1.067000e+03 5.210636e-12
1.068000e+03 5.197729e-12
1.069000e+03 5.184866e-12
1.070000e+03 5.172047e-12
1.071000e+03 5.159272e-12
1.072000e+03 5.146540e-12
1.073000e+03 5.133852e-12
1.074000e+03 5.121206e-12
1.075000e+03 5.108604e-12
1.076000e+03 5.096044e-12
1.077000e+03 5.083526e-12
1.078000e+03 5.071051e-12
1.079000e+03 5.058618e-12
1.080000e+03 5.046227e-12
1.081000e+03 5.033878e-12
1.082000e+03 5.021570e-12
1.083000e+03 5.009304e-12
1.084000e+03 4.997079e-12
1.085000e+03 4.984895e-12
1.086000e+03 4.972752e-12
1.087000e+03 4.960649e-12
1.088000e+03 4.948588e-12
1.089000e+03 4.936566e-12
1.090000e+03 4.924585e-12
1.091000e+03 4.912644e-12
1.092000e+03 4.900743e-12
1.093000e+03 4.888881e-12
1.094000e+03 4.877059e-12
1.095000e+03 4.865276e-12
1.096000e+03 4.853532e-12
1.097000e+03 4.841828e-12
1.098000e+03 4.830162e-12
1.099000e+03 4.818535e-12
1.100000e+03 4.806946e-12
1.101000e+03 4.795396e-12
1.102000e+03 4.783884e-12
1.103000e+03 4.772410e-12
1.104000e+03 4.760974e-12
1.105000e+03 4.749576e-12
1.106000e+03 4.738215e-12
1.107000e+03 4.726892e-12
1.108000e+03 4.715606e-12
1.109000e+03 4.704357e-12
1.110000e+03 4.693145e-12
1.111000e+03 4.681969e-12
1.112000e+03 4.670831e-12
1.113000e+03 4.659729e-12
1.114000e+03 4.648663e-12
1.115000e+03 4.637633e-12
1.116000e+03 4.626639e-12
1.117000e+03 4.615682e-12
1.118000e+03 4.604760e-12
1.119000e+03 4.593873e-12
1.120000e+03 4.583022e-12
1.121000e+03 4.572206e-12
1.122000e+03 4.561426e-12
1.123000e+03 4.550680e-12
1.124000e+03 4.539969e-12
1.125000e+03 4.529293e-12
1.126000e+03 4.518651e-12
1.127000e+03 4.508044e-12
1.128000e+03 4.497471e-12
1.129000e+03 4.486933e-12
1.130000e+03 4.476428e-12
1.131000e+03 4.465957e-12
1.132000e+03 4.455520e-12
1.133000e+03 4.445116e-12
1.134000e+03 4.434746e-12
1.135000e+03 4.424409e-12
1.136000e+03 4.414105e-12
1.137000e+03 4.403835e-12
1.138000e+03 4.393597e-12
1.139000e+03 4.383392e-12
1.140000e+03 4.373220e-12
1.141000e+03 4.363080e-12
1.142000e+03 4.352972e-12
1.143000e+03 4.342897e-12
1.144000e+03 4.332854e-12
1.145000e+03 4.322843e-12
1.146000e+03 4.312863e-12
1.147000e+03 4.302915e-12
1.148000e+03 4.292999e-12
1.149000e+03 4.283115e-12
1.150000e+03 4.273261e-12
1.151000e+03 4.263439e-12
1.152000e+03 4.253648e-12
1.153000e+03 4.243888e-12
1.154000e+03 4.234159e-12
1.155000e+03 4.224460e-12
1.156000e+03 4.214793e-12
1.157000e+03 4.205155e-12
1.158000e+03 4.195548e-12
1.159000e+03 4.185971e-12
1.160000e+03 4.176424e-12
1.161000e+03 4.166907e-12
1.162000e+03 4.157420e-12
1.163000e+03 4.147963e-12
1.164000e+03 4.138535e-12
1.165000e+03 4.129137e-12
1.166000e+03 4.119768e-12
1.167000e+03 4.110429e-12
1.168000e+03 4.101118e-12
1.169000e+03 4.091837e-12
1.170000e+03 4.082584e-12
1.171000e+03 4.073361e-12
1.172000e+03 4.064166e-12
1.173000e+03 4.054999e-12
1.174000e+03 4.045861e-12
1.175000e+03 4.036752e-12
1.176000e+03 4.027670e-12
1.177000e+03 4.018617e-12
1.178000e+03 4.009592e-12
1.179000e+03 4.000594e-12
1.180000e+03 3.991625e-12
1.181000e+03 3.982683e-12
1.182000e+03 3.973769e-12
1.183000e+03 3.964882e-12
1.184000e+03 3.956022e-12
1.185000e+03 3.947190e-12
1.186000e+03 3.938385e-12
1.187000e+03 3.929607e-12
1.188000e+03 3.920856e-12
1.189000e+03 3.912132e-12
1.190000e+03 3.903434e-12
1.191000e+03 3.894763e-12
1.192000e+03 3.886119e-12
1.193000e+03 3.877501e-12
1.194000e+03 3.868909e-12
1.195000e+03 3.860344e-12
1.196000e+03 3.851804e-12
1.197000e+03 3.843291e-12
1.198000e+03 3.834803e-12
1.199000e+03 3.826342e-12
1.200000e+03 3.817906e-12
1.201000e+03 3.809495e-12
1.202000e+03 3.801111e-12
1.203000e+03 3.792751e-12
1.204000e+03 3.784417e-12
1.205000e+03 3.776108e-12
1.206000e+03 3.767824e-12
1.207000e+03 3.759565e-12
1.208000e+03 3.751331e-12
1.209000e+03 3.743122e-12
1.210000e+03 3.734938e-12
1.211000e+03 3.726778e-12
1.212000e+03 3.718643e-12
1.213000e+03 3.710532e-12
1.214000e+03 3.702446e-12
1.215000e+03 3.694384e-12
1.216000e+03 3.686346e-12
1.217000e+03 3.678332e-12
1.218000e+03 3.670342e-12
1.219000e+03 3.662376e-12
1.220000e+03 3.654434e-12
1.221000e+03 3.646516e-12
1.222000e+03 3.638621e-12
1.223000e+03 3.630749e-12
1.224000e+03 3.622901e-12
1.225000e+03 3.615077e-12
1.226000e+03 3.607276e-12
1.227000e+03 3.599497e-12
1.228000e+03 3.591742e-12
1.229000e+03 3.584010e-12
1.230000e+03 3.576301e-12
1.231000e+03 3.568615e-12
1.232000e+03 3.560951e-12
1.233000e+03 3.553311e-12
1.234000e+03 3.545692e-12
1.235000e+03 3.538096e-12
1.236000e+03 3.530523e-12
1.237000e+03 3.522972e-12
1.238000e+03 3.515443e-12
1.239000e+03 3.507936e-12
1.240000e+03 3.500452e-12
1.241000e+03 3.492989e-12
1.242000e+03 3.485548e-12
1.243000e+03 3.478129e-12
1.244000e+03 3.470732e-12
1.245000e+03 3.463356e-12
1.246000e+03 3.456002e-12
1.247000e+03 3.448670e-12
1.248000e+03 3.441359e-12
1.249000e+03 3.434069e-12
1.250000e+03 3.426801e-12
1.251000e+03 3.419553e-12
1.252000e+03 3.412327e-12
1.253000e+03 3.405122e-12
1.254000e+03 3.397938e-12
1.255000e+03 3.390774e-12
1.256000e+03 3.383632e-12
1.257000e+03 3.376510e-12
1.258000e+03 3.369409e-12
1.259000e+03 3.362328e-12
1.260000e+03 3.355268e-12
1.261000e+03 3.348228e-12
1.262000e+03 3.341209e-12
1.263000e+03 3.334209e-12
1.264000e+03 3.327230e-12
1.265000e+03 3.320271e-12
1.266000e+03 3.313333e-12
1.267000e+03 3.306414e-12
1.268000e+03 3.299515e-12
1.269000e+03 3.292635e-12
1.270000e+03 3.285776e-12
1.271000e+03 3.278936e-12
1.272000e+03 3.272116e-12
1.273000e+03 3.265315e-12
1.274000e+03 3.258534e-12
1.275000e+03 3.251772e-12
1.276000e+03 3.245030e-12
1.277000e+03 3.238307e-12
1.278000e+03 3.231603e-12
1.279000e+03 3.224918e-12
1.280000e+03 3.218252e-12
1.281000e+03 3.211605e-12
1.282000e+03 3.204977e-12
1.283000e+03 3.198368e-12
1.284000e+03 3.191777e-12
1.285000e+03 3.185205e-12
1.286000e+03 3.178652e-12
1.287000e+03 3.172118e-12
1.288000e+03 3.165601e-12
1.289000e+03 3.159104e-12
1.290000e+03 3.152625e-12
1.291000e+03 3.146164e-12
1.292000e+03 3.139721e-12
1.293000e+03 3.133296e-12
1.294000e+03 3.126890e-12
1.295000e+03 3.120501e-12
1.296000e+03 3.114131e-12
1.297000e+03 3.107778e-12
1.298000e+03 3.101443e-12
1.299000e+03 3.095126e-12
1.300000e+03 3.088827e-12
1.301000e+03 3.082545e-12
1.302000e+03 3.076281e-12
1.303000e+03 3.070035e-12
1.304000e+03 3.063806e-12
1.305000e+03 3.057594e-12
1.306000e+03 3.051400e-12
1.307000e+03 3.045223e-12
1.308000e+03 3.039063e-12
1.309000e+03 3.032920e-12
1.310000e+03 3.026795e-12
1.311000e+03 3.020686e-12
1.312000e+03 3.014595e-12
1.313000e+03 3.008520e-12
1.314000e+03 3.002462e-12
1.315000e+03 2.996421e-12
1.316000e+03 2.990397e-12
1.317000e+03 2.984389e-12
1.318000e+03 2.978398e-12
1.319000e+03 2.972424e-12
1.320000e+03 2.966466e-12
1.321000e+03 2.960524e-12
1.322000e+03 2.954599e-12
1.323000e+03 2.948690e-12
1.324000e+03 2.942798e-12
1.325000e+03 2.936921e-12
1.326000e+03 2.931061e-12
1.327000e+03 2.925217e-12
1.328000e+03 2.919389e-12
1.329000e+03 2.913577e-12
1.330000e+03 2.907781e-12
1.331000e+03 2.902001e-12
1.332000e+03 2.896236e-12
1.333000e+03 2.890488e-12
1.334000e+03 2.884755e-12
1.335000e+03 2.879037e-12
1.336000e+03 2.873336e-12
1.337000e+03 2.867650e-12
1.338000e+03 2.861979e-12
1.339000e+03 2.856324e-12
1.340000e+03 2.850684e-12
1.341000e+03 2.845059e-12
1.342000e+03 2.839450e-12
1.343000e+03 2.833856e-12
1.344000e+03 2.828277e-12
1.345000e+03 2.822714e-12
1.346000e+03 2.817165e-12
1.347000e+03 2.811631e-12
1.348000e+03 2.806113e-12
1.349000e+03 2.800609e-12
1.350000e+03 2.795120e-12
1.351000e+03 2.789646e-12
1.352000e+03 2.784187e-12
1.353000e+03 2.778742e-12
1.354000e+03 2.773312e-12
1.355000e+03 2.767897e-12
1.356000e+03 2.762496e-12
1.357000e+03 2.757110e-12
1.358000e+03 2.751738e-12
1.359000e+03 2.746380e-12
1.360000e+03 2.741037e-12
1.361000e+03 2.735709e-12
1.362000e+03 2.730394e-12
1.363000e+03 2.725094e-12
1.364000e+03 2.719808e-12
1.365000e+03 2.714536e-12
1.366000e+03 2.709278e-12
1.367000e+03 2.704034e-12
1.368000e+03 2.698804e-12
1.369000e+03 2.693588e-12
1.370000e+03 2.688386e-12
1.371000e+03 2.683198e-12
1.372000e+03 2.678023e-12
1.373000e+03 2.672862e-12
1.374000e+03 2.667715e-12
1.375000e+03 2.662582e-12
1.376000e+03 2.657462e-12
1.377000e+03 2.652356e-12
1.378000e+03 2.647263e-12
1.379000e+03 2.642184e-12
1.380000e+03 2.637118e-12
1.381000e+03 2.632065e-12
1.382000e+03 2.627026e-12
1.383000e+03 2.622000e-12
1.384000e+03 2.616987e-12
1.385000e+03 2.611988e-12
1.386000e+03 2.607002e-12
1.387000e+03 2.602028e-12
1.388000e+03 2.597068e-12
1.389000e+03 2.592121e-12
1.390000e+03 2.587187e-12
1.391000e+03 2.582266e-12
1.392000e+03 2.577357e-12
1.393000e+03 2.572462e-12
1.394000e+03 2.567579e-12
1.395000e+03 2.562709e-12
1.396000e+03 2.557852e-12
1.397000e+03 2.553007e-12
1.398000e+03 2.548175e-12
1.399000e+03 2.543356e-12
1.400000e+03 2.538549e-12
1.401000e+03 2.533755e-12
1.402000e+03 2.528973e-12
1.403000e+03 2.524204e-12
1.404000e+03 2.519447e-12
1.405000e+03 2.514702e-12
1.406000e+03 2.509970e-12
1.407000e+03 2.505250e-12
1.408000e+03 2.500542e-12
1.409000e+03 2.495846e-12
1.410000e+03 2.491163e-12
1.411000e+03 2.486491e-12
1.412000e+03 2.481832e-12
1.413000e+03 2.477184e-12
1.414000e+03 2.472549e-12
1.415000e+03 2.467926e-12
1.416000e+03 2.463314e-12
1.417000e+03 2.458714e-12
1.418000e+03 2.454126e-12
1.419000e+03 2.449550e-12
1.420000e+03 2.444986e-12
1.421000e+03 2.440433e-12
1.422000e+03 2.435892e-12
1.423000e+03 2.431363e-12
1.424000e+03 2.426845e-12
1.425000e+03 2.422339e-12
1.426000e+03 2.417845e-12
1.427000e+03 2.413361e-12
1.428000e+03 2.408890e-12
1.429000e+03 2.404429e-12
1.430000e+03 2.399980e-12
1.431000e+03 2.395543e-12
1.432000e+03 2.391117e-12
1.433000e+03 2.386701e-12
1.434000e+03 2.382298e-12
1.435000e+03 2.377905e-12
1.436000e+03 2.373524e-12
1.437000e+03 2.369153e-12
1.438000e+03 2.364794e-12
1.439000e+03 2.360446e-12
1.440000e+03 2.356108e-12
1.441000e+03 2.351782e-12
1.442000e+03 2.347467e-12
1.443000e+03 2.343162e-12
1.444000e+03 2.338869e-12
1.445000e+03 2.334586e-12
1.446000e+03 2.330314e-12
1.447000e+03 2.326053e-12
1.448000e+03 2.321802e-12
1.449000e+03 2.317563e-12
1.450000e+03 2.313334e-12
1.451000e+03 2.309115e-12
1.452000e+03 2.304907e-12
1.453000e+03 2.300710e-12
1.454000e+03 2.296523e-12
1.455000e+03 2.292347e-12
1.456000e+03 2.288181e-12
1.457000e+03 2.284026e-12
1.458000e+03 2.279880e-12
1.459000e+03 2.275746e-12
1.460000e+03 2.271621e-12
1.461000e+03 2.267507e-12
1.462000e+03 2.263404e-12
1.463000e+03 2.259310e-12
1.464000e+03 2.255227e-12
1.465000e+03 2.251153e-12
1.466000e+03 2.247090e-12
1.467000e+03 2.243037e-12
1.468000e+03 2.238994e-12
1.469000e+03 2.234961e-12
1.470000e+03 2.230938e-12
1.471000e+03 2.226925e-12
1.472000e+03 2.222922e-12
1.473000e+03 2.218929e-12
1.474000e+03 2.214946e-12
1.475000e+03 2.210973e-12
1.476000e+03 2.207009e-12
1.477000e+03 2.203055e-12
1.478000e+03 2.199111e-12
1.479000e+03 2.195177e-12
1.480000e+03 2.191253e-12
1.481000e+03 2.187338e-12
1.482000e+03 2.183432e-12
1.483000e+03 2.179537e-12
1.484000e+03 2.175650e-12
1.485000e+03 2.171774e-12
1.486000e+03 2.167907e-12
1.487000e+03 2.164049e-12
1.488000e+03 2.160201e-12
1.489000e+03 2.156362e-12
1.490000e+03 2.152533e-12
1.491000e+03 2.148713e-12
1.492000e+03 2.144902e-12
1.493000e+03 2.141101e-12
1.494000e+03 2.137309e-12
1.495000e+03 2.133526e-12
1.496000e+03 2.129752e-12
1.497000e+03 2.125988e-12
1.498000e+03 2.122232e-12
1.499000e+03 2.118486e-12
1.500000e+03 2.114749e-12
1.501000e+03 2.111021e-12
1.502000e+03 2.107302e-12
1.503000e+03 2.103593e-12
1.504000e+03 2.099892e-12
1.505000e+03 2.096200e-12
1.506000e+03 2.092517e-12
1.507000e+03 2.088843e-12
1.508000e+03 2.085177e-12
1.509000e+03 2.081521e-12
1.510000e+03 2.077874e-12
1.511000e+03 2.074235e-12
1.512000e+03 2.070605e-12
1.513000e+03 2.066984e-12
1.514000e+03 2.063371e-12
1.515000e+03 2.059767e-12
1.516000e+03 2.056172e-12
1.517000e+03 2.052586e-12
1.518000e+03 2.049008e-12
1.519000e+03 2.045439e-12
1.520000e+03 2.041878e-12
1.521000e+03 2.038326e-12
1.522000e+03 2.034782e-12
1.523000e+03 2.031247e-12
1.524000e+03 2.027720e-12
1.525000e+03 2.024202e-12
1.526000e+03 2.020692e-12
1.527000e+03 2.017190e-12
1.528000e+03 2.013697e-12
1.529000e+03 2.010212e-12
1.530000e+03 2.006736e-12
1.531000e+03 2.003268e-12
1.532000e+03 1.999807e-12
1.533000e+03 1.996356e-12
1.534000e+03 1.992912e-12
1.535000e+03 1.989477e-12
1.536000e+03 1.986049e-12
1.537000e+03 1.982630e-12
1.538000e+03 1.979219e-12
1.539000e+03 1.975816e-12
1.540000e+03 1.972422e-12
1.541000e+03 1.969035e-12
1.542000e+03 1.965656e-12
1.543000e+03 1.962285e-12
1.544000e+03 1.958922e-12
1.545000e+03 1.955567e-12
1.546000e+03 1.952220e-12
1.547000e+03 1.948881e-12
1.548000e+03 1.945550e-12
1.549000e+03 1.942226e-12
1.550000e+03 1.938910e-12
1.551000e+03 1.935603e-12
1.552000e+03 1.932303e-12
1.553000e+03 1.929010e-12
1.554000e+03 1.925726e-12
1.555000e+03 1.922449e-12
1.556000e+03 1.919179e-12
1.557000e+03 1.915918e-12
1.558000e+03 1.912664e-12
1.559000e+03 1.909418e-12
1.560000e+03 1.906179e-12
1.561000e+03 1.902948e-12
1.562000e+03 1.899724e-12
1.563000e+03 1.896508e-12
1.564000e+03 1.893299e-12
1.565000e+03 1.890098e-12
1.566000e+03 1.886904e-12
1.567000e+03 1.883718e-12
1.568000e+03 1.880539e-12
1.569000e+03 1.877368e-12
1.570000e+03 1.874204e-12
1.571000e+03 1.871047e-12
1.572000e+03 1.867897e-12
1.573000e+03 1.864755e-12
1.574000e+03 1.861620e-12
1.575000e+03 1.858493e-12
1.576000e+03 1.855372e-12
1.577000e+03 1.852259e-12
1.578000e+03 1.849153e-12
1.579000e+03 1.846054e-12
1.580000e+03 1.842963e-12
1.581000e+03 1.839878e-12
1.582000e+03 1.836801e-12
1.583000e+03 1.833730e-12
1.584000e+03 1.830667e-12
1.585000e+03 1.827611e-12
1.586000e+03 1.824562e-12
1.587000e+03 1.821519e-12
1.588000e+03 1.818484e-12
1.589000e+03 1.815456e-12
1.590000e+03 1.812435e-12
1.591000e+03 1.809420e-12
1.592000e+03 1.806413e-12
1.593000e+03 1.803412e-12
1.594000e+03 1.800419e-12
1.595000e+03 1.797432e-12
1.596000e+03 1.794452e-12
1.597000e+03 1.791478e-12
1.598000e+03 1.788512e-12
1.599000e+03 1.785552e-12
1.600000e+03 1.782599e-12
1.601000e+03 1.779653e-12
1.602000e+03 1.776713e-12
1.603000e+03 1.773780e-12
1.604000e+03 1.770854e-12
1.605000e+03 1.767935e-12
1.606000e+03 1.765022e-12
1.607000e+03 1.762115e-12
1.608000e+03 1.759216e-12
1.609000e+03 1.756323e-12
1.610000e+03 1.753436e-12
1.611000e+03 1.750556e-12
1.612000e+03 1.747682e-12
1.613000e+03 1.744815e-12
1.614000e+03 1.741955e-12
1.615000e+03 1.739101e-12
1.616000e+03 1.736253e-12
1.617000e+03 1.733412e-12
1.618000e+03 1.730577e-12
1.619000e+03 1.727748e-12
1.620000e+03 1.724926e-12
1.621000e+03 1.722110e-12
1.622000e+03 1.719301e-12
1.623000e+03 1.716498e-12
1.624000e+03 1.713701e-12
1.625000e+03 1.710910e-12
1.626000e+03 1.708126e-12
1.627000e+03 1.705348e-12
1.628000e+03 1.702576e-12
1.629000e+03 1.699811e-12
1.630000e+03 1.697051e-12
1.631000e+03 1.694298e-12
1.632000e+03 1.691551e-12
1.633000e+03 1.688810e-12
1.634000e+03 1.686075e-12
1.635000e+03 1.683346e-12
1.636000e+03 1.680623e-12
1.637000e+03 1.677907e-12
1.638000e+03 1.675196e-12
1.639000e+03 1.672491e-12
1.640000e+03 1.669793e-12
1.641000e+03 1.667100e-12
1.642000e+03 1.664414e-12
1.643000e+03 1.661733e-12
1.644000e+03 1.659058e-12
1.645000e+03 1.656390e-12
1.646000e+03 1.653727e-12
1.647000e+03 1.651070e-12
1.648000e+03 1.648419e-12
1.649000e+03 1.645773e-12
1.650000e+03 1.643134e-12
1.651000e+03 1.640501e-12
1.652000e+03 1.637873e-12
1.653000e+03 1.635251e-12
1.654000e+03 1.632635e-12
1.655000e+03 1.630024e-12
1.656000e+03 1.627420e-12
1.657000e+03 1.624821e-12
1.658000e+03 1.622228e-12
1.659000e+03 1.619640e-12
1.660000e+03 1.617058e-12
1.661000e+03 1.614482e-12
1.662000e+03 1.611912e-12
1.663000e+03 1.609347e-12
1.664000e+03 1.606787e-12
1.665000e+03 1.604234e-12
1.666000e+03 1.601686e-12
1.667000e+03 1.599143e-12
1.668000e+03 1.596606e-12
1.669000e+03 1.594075e-12
1.670000e+03 1.591549e-12
1.671000e+03 1.589029e-12
1.672000e+03 1.586514e-12
1.673000e+03 1.584005e-12
1.674000e+03 1.581501e-12
1.675000e+03 1.579002e-12
1.676000e+03 1.576509e-12
1.677000e+03 1.574022e-12
1.678000e+03 1.571539e-12
1.679000e+03 1.569063e-12
1.680000e+03 1.566591e-12
1.681000e+03 1.564125e-12
1.682000e+03 1.561664e-12
1.683000e+03 1.559209e-12
1.684000e+03 1.556759e-12
1.685000e+03 1.554314e-12
1.686000e+03 1.551875e-12
1.687000e+03 1.549440e-12
1.688000e+03 1.547011e-12
1.689000e+03 1.544588e-12
1.690000e+03 1.542169e-12
1.691000e+03 1.539756e-12
1.692000e+03 1.537348e-12
1.693000e+03 1.534945e-12
1.694000e+03 1.532547e-12
1.695000e+03 1.530155e-12
1.696000e+03 1.527767e-12
1.697000e+03 1.525385e-12
1.698000e+03 1.523008e-12
1.699000e+03 1.520636e-12
1.700000e+03 1.518269e-12
1.701000e+03 1.515907e-12
1.702000e+03 1.513550e-12
1.703000e+03 1.511198e-12
1.704000e+03 1.508851e-12
1.705000e+03 1.506509e-12
1.706000e+03 1.504173e-12
1.707000e+03 1.501841e-12
1.708000e+03 1.499514e-12
1.709000e+03 1.497192e-12
1.710000e+03 1.494875e-12
1.711000e+03 1.492564e-12
1.712000e+03 1.490257e-12
1.713000e+03 1.487954e-12
1.714000e+03 1.485657e-12
1.715000e+03 1.483365e-12
1.716000e+03 1.481077e-12
1.717000e+03 1.478795e-12
1.718000e+03 1.476517e-12
1.719000e+03 1.474244e-12
1.720000e+03 1.471976e-12
1.721000e+03 1.469713e-12
1.722000e+03 1.467454e-12
1.723000e+03 1.465200e-12
1.724000e+03 1.462951e-12
1.725000e+03 1.460707e-12
1.726000e+03 1.458468e-12
1.727000e+03 1.456233e-12
1.728000e+03 1.454003e-12
1.729000e+03 1.451778e-12
1.730000e+03 1.449557e-12
1.731000e+03 1.447341e-12
1.732000e+03 1.445130e-12
1.733000e+03 1.442923e-12
1.734000e+03 1.440721e-12
1.735000e+03 1.438524e-12
1.736000e+03 1.436331e-12
1.737000e+03 1.434143e-12
1.738000e+03 1.431959e-12
1.739000e+03 1.429780e-12
1.740000e+03 1.427606e-12
1.741000e+03 1.425436e-12
1.742000e+03 1.423271e-12
1.743000e+03 1.421110e-12
1.744000e+03 1.418954e-12
1.745000e+03 1.416802e-12
1.746000e+03 1.414654e-12
1.747000e+03 1.412512e-12
1.748000e+03 1.410373e-12
1.749000e+03 1.408239e-12
1.750000e+03 1.406110e-12
1.751000e+03 1.403985e-12
1.752000e+03 1.401864e-12
1.753000e+03 1.399748e-12
1.754000e+03 1.397636e-12
1.755000e+03 1.395529e-12
1.756000e+03 1.393426e-12
1.757000e+03 1.391327e-12
1.758000e+03 1.389233e-12
1.759000e+03 1.387143e-12
1.760000e+03 1.385058e-12
1.761000e+03 1.382976e-12
1.762000e+03 1.380899e-12
1.763000e+03 1.378827e-12
1.764000e+03 1.376758e-12
1.765000e+03 1.374694e-12
1.766000e+03 1.372634e-12
1.767000e+03 1.370578e-12
1.768000e+03 1.368527e-12
1.769000e+03 1.366480e-12
1.770000e+03 1.364437e-12
1.771000e+03 1.362398e-12
1.772000e+03 1.360364e-12
1.773000e+03 1.358333e-12
1.774000e+03 1.356307e-12
1.775000e+03 1.354285e-12
1.776000e+03 1.352267e-12
1.777000e+03 1.350253e-12
1.778000e+03 1.348244e-12
1.779000e+03 1.346238e-12
1.780000e+03 1.344237e-12
1.781000e+03 1.342240e-12
1.782000e+03 1.340246e-12
1.783000e+03 1.338257e-12
1.784000e+03 1.336272e-12
1.785000e+03 1.334291e-12
1.786000e+03 1.332314e-12
1.787000e+03 1.330341e-12
1.788000e+03 1.328372e-12
1.789000e+03 1.326407e-12
1.790000e+03 1.324446e-12
1.791000e+03 1.322490e-12
1.792000e+03 1.320537e-12
1.793000e+03 1.318588e-12
1.794000e+03 1.316643e-12
1.795000e+03 1.314702e-12
1.796000e+03 1.312765e-12
1.797000e+03 1.310831e-12
1.798000e+03 1.308902e-12
1.799000e+03 1.306977e-12
1.800000e+03 1.305055e-12
1.801000e+03 1.303138e-12
1.802000e+03 1.301224e-12
1.803000e+03 1.299314e-12
1.804000e+03 1.297408e-12
1.805000e+03 1.295506e-12
1.806000e+03 1.293608e-12
1.807000e+03 1.291714e-12
1.808000e+03 1.289823e-12
1.809000e+03 1.287936e-12
1.810000e+03 1.286053e-12
1.811000e+03 1.284174e-12
1.812000e+03 1.282299e-12
1.813000e+03 1.280427e-12
1.814000e+03 1.278559e-12
1.815000e+03 1.276695e-12
1.816000e+03 1.274835e-12
1.817000e+03 1.272978e-12
1.818000e+03 1.271125e-12
1.819000e+03 1.269276e-12
1.820000e+03 1.267430e-12
1.821000e+03 1.265588e-12
1.822000e+03 1.263750e-12
1.823000e+03 1.261916e-12
1.824000e+03 1.260085e-12
1.825000e+03 1.258258e-12
1.826000e+03 1.256434e-12
1.827000e+03 1.254614e-12
1.828000e+03 1.252798e-12
1.829000e+03 1.250986e-12
1.830000e+03 1.249177e-12
1.831000e+03 1.247371e-12
1.832000e+03 1.245569e-12
1.833000e+03 1.243771e-12
1.834000e+03 1.241977e-12
1.835000e+03 1.240186e-12
1.836000e+03 1.238398e-12
1.837000e+03 1.236614e-12
1.838000e+03 1.234834e-12
1.839000e+03 1.233057e-12
1.840000e+03 1.231283e-12
1.841000e+03 1.229513e-12
1.842000e+03 1.227747e-12
1.843000e+03 1.225984e-12
1.844000e+03 1.224225e-12
1.845000e+03 1.222469e-12
1.846000e+03 1.220716e-12
1.847000e+03 1.218967e-12
1.848000e+03 1.217222e-12
1.849000e+03 1.215480e-12
1.850000e+03 1.213741e-12
1.851000e+03 1.212006e-12
1.852000e+03 1.210274e-12
1.853000e+03 1.208546e-12
1.854000e+03 1.206821e-12
1.855000e+03 1.205099e-12
1.856000e+03 1.203381e-12
1.857000e+03 1.201666e-12
1.858000e+03 1.199955e-12
1.859000e+03 1.198246e-12
1.860000e+03 1.196542e-12
1.861000e+03 1.194840e-12
1.862000e+03 1.193142e-12
1.863000e+03 1.191447e-12
1.864000e+03 1.189756e-12
1.865000e+03 1.188068e-12
1.866000e+03 1.186383e-12
1.867000e+03 1.184701e-12
1.868000e+03 1.183023e-12
1.869000e+03 1.181348e-12
1.870000e+03 1.179676e-12
1.871000e+03 1.178007e-12
1.872000e+03 1.176342e-12
1.873000e+03 1.174680e-12
1.874000e+03 1.173021e-12
1.875000e+03 1.171366e-12
1.876000e+03 1.169714e-12
1.877000e+03 1.168064e-12
1.878000e+03 1.166418e-12
1.879000e+03 1.164776e-12
1.880000e+03 1.163136e-12
1.881000e+03 1.161500e-12
1.882000e+03 1.159867e-12
1.883000e+03 1.158237e-12
1.884000e+03 1.156610e-12
1.885000e+03 1.154986e-12
1.886000e+03 1.153365e-12
1.887000e+03 1.151748e-12
1.888000e+03 1.150133e-12
1.889000e+03 1.148522e-12
1.890000e+03 1.146914e-12
1.891000e+03 1.145309e-12
1.892000e+03 1.143707e-12
1.893000e+03 1.142108e-12
1.894000e+03 1.140513e-12
1.895000e+03 1.138920e-12
1.896000e+03 1.137330e-12
1.897000e+03 1.135744e-12
1.898000e+03 1.134160e-12
1.899000e+03 1.132580e-12
1.900000e+03 1.131002e-12
1.901000e+03 1.129428e-12
1.902000e+03 1.127856e-12
1.903000e+03 1.126288e-12
1.904000e+03 1.124723e-12
1.905000e+03 1.123160e-12
1.906000e+03 1.121601e-12
1.907000e+03 1.120044e-12
1.908000e+03 1.118491e-12
1.909000e+03 1.116940e-12
1.910000e+03 1.115393e-12
1.911000e+03 1.113848e-12
1.912000e+03 1.112307e-12
1.913000e+03 1.110768e-12
1.914000e+03 1.109232e-12
1.915000e+03 1.107699e-12
1.916000e+03 1.106169e-12
1.917000e+03 1.104642e-12
1.918000e+03 1.103118e-12
1.919000e+03 1.101597e-12
1.920000e+03 1.100079e-12
1.921000e+03 1.098563e-12
1.922000e+03 1.097051e-12
1.923000e+03 1.095541e-12
1.924000e+03 1.094034e-12
1.925000e+03 1.092530e-12
1.926000e+03 1.091029e-12
1.927000e+03 1.089531e-12
1.928000e+03 1.088035e-12
1.929000e+03 1.086543e-12
1.930000e+03 1.085053e-12
1.931000e+03 1.083566e-12
1.932000e+03 1.082081e-12
1.933000e+03 1.080600e-12
1.934000e+03 1.079121e-12
1.935000e+03 1.077646e-12
1.936000e+03 1.076173e-12
1.937000e+03 1.074702e-12
1.938000e+03 1.073235e-12
1.939000e+03 1.071770e-12
1.940000e+03 1.070308e-12
1.941000e+03 1.068849e-12
1.942000e+03 1.067392e-12
1.943000e+03 1.065939e-12
1.944000e+03 1.064487e-12
1.945000e+03 1.063039e-12
1.946000e+03 1.061594e-12
1.947000e+03 1.060151e-12
1.948000e+03 1.058710e-12
1.949000e+03 1.057273e-12
1.950000e+03 1.055838e-12
1.951000e+03 1.054406e-12
1.952000e+03 1.052976e-12
1.953000e+03 1.051550e-12
1.954000e+03 1.050125e-12
1.955000e+03 1.048704e-12
1.956000e+03 1.047285e-12
1.957000e+03 1.045869e-12
1.958000e+03 1.044455e-12
1.959000e+03 1.043044e-12
1.960000e+03 1.041636e-12
1.961000e+03 1.040231e-12
1.962000e+03 1.038827e-12
1.963000e+03 1.037427e-12
1.964000e+03 1.036029e-12
1.965000e+03 1.034634e-12
1.966000e+03 1.033241e-12
1.967000e+03 1.031851e-12
1.968000e+03 1.030464e-12
1.969000e+03 1.029079e-12
1.970000e+03 1.027696e-12
1.971000e+03 1.026316e-12
1.972000e+03 1.024939e-12
1.973000e+03 1.023564e-12
1.974000e+03 1.022192e-12
1.975000e+03 1.020822e-12
1.976000e+03 1.019455e-12
1.977000e+03 1.018091e-12
1.978000e+03 1.016729e-12
1.979000e+03 1.015369e-12
1.980000e+03 1.014012e-12
1.981000e+03 1.012657e-12
1.982000e+03 1.011305e-12
1.983000e+03 1.009956e-12
1.984000e+03 1.008608e-12
1.985000e+03 1.007264e-12
1.986000e+03 1.005922e-12
1.987000e+03 1.004582e-12
1.988000e+03 1.003245e-12
1.989000e+03 1.001910e-12
1.990000e+03 1.000577e-12
1.991000e+03 9.992475e-13
1.992000e+03 9.979200e-13
1.993000e+03 9.965949e-13
1.994000e+03 9.952722e-13
1.995000e+03 9.939520e-13
1.996000e+03 9.926342e-13
1.997000e+03 9.913188e-13
1.998000e+03 9.900058e-13
1.999000e+03 9.886951e-13
2.000000e+03 9.873869e-13
2.001000e+03 9.860811e-13
2.002000e+03 9.847776e-13
2.003000e+03 9.834765e-13
2.004000e+03 9.821778e-13
2.005000e+03 9.808814e-13
2.006000e+03 9.795874e-13
2.007000e+03 9.782957e-13
2.008000e+03 9.770064e-13
2.009000e+03 9.757194e-13
2.010000e+03 9.744348e-13
2.011000e+03 9.731525e-13
2.012000e+03 9.718725e-13
2.013000e+03 9.705948e-13
2.014000e+03 9.693195e-13
2.015000e+03 9.680464e-13
2.016000e+03 9.667757e-13
2.017000e+03 9.655072e-13
2.018000e+03 9.642411e-13
2.019000e+03 9.629772e-13
2.020000e+03 9.617156e-13
2.021000e+03 9.604563e-13
2.022000e+03 9.591992e-13
2.023000e+03 9.579445e-13
2.024000e+03 9.566919e-13
2.025000e+03 9.554417e-13
2.026000e+03 9.541937e-13
2.027000e+03 9.529479e-13
2.028000e+03 9.517044e-13
2.029000e+03 9.504631e-13
2.030000e+03 9.492240e-13
2.031000e+03 9.479872e-13
2.032000e+03 9.467525e-13
2.033000e+03 9.455201e-13
2.034000e+03 9.442899e-13
2.035000e+03 9.430619e-13
2.036000e+03 9.418362e-13
2.037000e+03 9.406126e-13
2.038000e+03 9.393911e-13
2.039000e+03 9.381719e-13
2.040000e+03 9.369549e-13
2.041000e+03 9.357400e-13
2.042000e+03 9.345273e-13
2.043000e+03 9.333167e-13
2.044000e+03 9.321084e-13
2.045000e+03 9.309021e-13
2.046000e+03 9.296981e-13
2.047000e+03 9.284961e-13
2.048000e+03 9.272963e-13
2.049000e+03 9.260987e-13
2.050000e+03 9.249031e-13
2.051000e+03 9.237097e-13
2.052000e+03 9.225185e-13
2.053000e+03 9.213293e-13
2.054000e+03 9.201422e-13
2.055000e+03 9.189573e-13
2.056000e+03 9.177744e-13
2.057000e+03 9.165937e-13
2.058000e+03 9.154150e-13
2.059000e+03 9.142385e-13
2.060000e+03 9.130640e-13
2.061000e+03 9.118915e-13
2.062000e+03 9.107212e-13
2.063000e+03 9.095529e-13
2.064000e+03 9.083867e-13
2.065000e+03 9.072226e-13
2.066000e+03 9.060605e-13
2.067000e+03 9.049004e-13
2.068000e+03 9.037424e-13
2.069000e+03 9.025865e-13
2.070000e+03 9.014326e-13
2.071000e+03 9.002807e-13
2.072000e+03 8.991308e-13
2.073000e+03 8.979830e-13
2.074000e+03 8.968371e-13
2.075000e+03 8.956933e-13
2.076000e+03 8.945515e-13
2.077000e+03 8.934117e-13
2.078000e+03 8.922739e-13
2.079000e+03 8.911381e-13
2.080000e+03 8.900043e-13
2.081000e+03 8.888725e-13
2.082000e+03 8.877427e-13
2.083000e+03 8.866148e-13
2.084000e+03 8.854889e-13
2.085000e+03 8.843650e-13
2.086000e+03 8.832430e-13
2.087000e+03 8.821230e-13
2.088000e+03 8.810050e-13
2.089000e+03 8.798889e-13
2.090000e+03 8.787747e-13
2.091000e+03 8.776625e-13
2.092000e+03 8.765523e-13
2.093000e+03 8.754439e-13
2.094000e+03 8.743375e-13
2.095000e+03 8.732331e-13
2.096000e+03 8.721305e-13
2.097000e+03 8.710299e-13
2.098000e+03 8.699312e-13
2.099000e+03 8.688343e-13
2.100000e+03 8.677394e-13
2.101000e+03 8.666464e-13
2.102000e+03 8.655553e-13
2.103000e+03 8.644661e-13
2.104000e+03 8.633788e-13
2.105000e+03 8.622933e-13
2.106000e+03 8.612097e-13
2.107000e+03 8.601280e-13
2.108000e+03 8.590482e-13
2.109000e+03 8.579703e-13
2.110000e+03 8.568942e-13
2.111000e+03 8.558199e-13
2.112000e+03 8.547475e-13
2.113000e+03 8.536770e-13
2.114000e+03 8.526083e-13
2.115000e+03 8.515415e-13
2.116000e+03 8.504765e-13
2.117000e+03 8.494133e-13
2.118000e+03 8.483520e-13
2.119000e+03 8.472924e-13
2.120000e+03 8.462347e-13
2.121000e+03 8.451789e-13
2.122000e+03 8.441248e-13
2.123000e+03 8.430726e-13
2.124000e+03 8.420221e-13
2.125000e+03 8.409735e-13
2.126000e+03 8.399266e-13
2.127000e+03 8.388816e-13
2.128000e+03 8.378383e-13
2.129000e+03 8.367968e-13
2.130000e+03 8.357572e-13
2.131000e+03 8.347192e-13
2.132000e+03 8.336831e-13
2.133000e+03 8.326488e-13
2.134000e+03 8.316162e-13
2.135000e+03 8.305853e-13
2.136000e+03 8.295562e-13
2.137000e+03 8.285289e-13
2.138000e+03 8.275034e-13
2.139000e+03 8.264795e-13
2.140000e+03 8.254575e-13
2.141000e+03 8.244371e-13
2.142000e+03 8.234185e-13
2.143000e+03 8.224017e-13
2.144000e+03 8.213865e-13
2.145000e+03 8.203731e-13
2.146000e+03 8.193614e-13
2.147000e+03 8.183515e-13
2.148000e+03 8.173432e-13
2.149000e+03 8.163367e-13
2.150000e+03 8.153318e-13
2.151000e+03 8.143287e-13
2.152000e+03 8.133273e-13
2.153000e+03 8.123275e-13
2.154000e+03 8.113295e-13
2.155000e+03 8.103331e-13
2.156000e+03 8.093385e-13
2.157000e+03 8.083455e-13
2.158000e+03 8.073542e-13
2.159000e+03 8.063645e-13
2.160000e+03 8.053766e-13
2.161000e+03 8.043903e-13
2.162000e+03 8.034056e-13
2.163000e+03 8.024226e-13
2.164000e+03 8.014413e-13
2.165000e+03 8.004616e-13
2.166000e+03 7.994836e-13
2.167000e+03 7.985073e-13
2.168000e+03 7.975325e-13
2.169000e+03 7.965594e-13
2.170000e+03 7.955880e-13
2.171000e+03 7.946181e-13
2.172000e+03 7.936499e-13
2.173000e+03 7.926834e-13
2.174000e+03 7.917184e-13
2.175000e+03 7.907551e-13
2.176000e+03 7.897934e-13
2.177000e+03 7.888332e-13
2.178000e+03 7.878747e-13
2.179000e+03 7.869178e-13
2.180000e+03 7.859625e-13
2.181000e+03 7.850088e-13
2.182000e+03 7.840567e-13
2.183000e+03 7.831062e-13
2.184000e+03 7.821573e-13
2.185000e+03 7.812099e-13
2.186000e+03 7.802642e-13
2.187000e+03 7.793200e-13
2.188000e+03 7.783773e-13
2.189000e+03 7.774363e-13
2.190000e+03 7.764968e-13
2.191000e+03 7.755589e-13
2.192000e+03 7.746225e-13
2.193000e+03 7.736877e-13
2.194000e+03 7.727545e-13
2.195000e+03 7.718228e-13
2.196000e+03 7.708926e-13
2.197000e+03 7.699640e-13
2.198000e+03 7.690370e-13
2.199000e+03 7.681114e-13
2.200000e+03 7.671874e-13
2.201000e+03 7.662650e-13
2.202000e+03 7.653440e-13
2.203000e+03 7.644246e-13
2.204000e+03 7.635067e-13
2.205000e+03 7.625904e-13
2.206000e+03 7.616755e-13
2.207000e+03 7.607621e-13
2.208000e+03 7.598503e-13
2.209000e+03 7.589400e-13
2.210000e+03 7.580311e-13
2.211000e+03 7.571238e-13
2.212000e+03 7.562180e-13
2.213000e+03 7.553136e-13
2.214000e+03 7.544108e-13
2.215000e+03 7.535094e-13
2.216000e+03 7.526095e-13
2.217000e+03 7.517111e-13
2.218000e+03 7.508142e-13
2.219000e+03 7.499187e-13
2.220000e+03 7.490247e-13
2.221000e+03 7.481322e-13
2.222000e+03 7.472411e-13
2.223000e+03 7.463516e-13
2.224000e+03 7.454634e-13
2.225000e+03 7.445767e-13
2.226000e+03 7.436915e-13
2.227000e+03 7.428077e-13
2.228000e+03 7.419254e-13
2.229000e+03 7.410445e-13
2.230000e+03 7.401651e-13
2.231000e+03 7.392871e-13
2.232000e+03 7.384105e-13
2.233000e+03 7.375353e-13
2.234000e+03 7.366616e-13
2.235000e+03 7.357893e-13
2.236000e+03 7.349185e-13
2.237000e+03 7.340490e-13
2.238000e+03 7.331810e-13
2.239000e+03 7.323144e-13
2.240000e+03 7.314492e-13
2.241000e+03 7.305853e-13
2.242000e+03 7.297230e-13
2.243000e+03 7.288620e-13
2.244000e+03 7.280024e-13
2.245000e+03 7.271442e-13
2.246000e+03 7.262874e-13
2.247000e+03 7.254319e-13
2.248000e+03 7.245779e-13
2.249000e+03 7.237253e-13
2.250000e+03 7.228740e-13
2.251000e+03 7.220241e-13
2.252000e+03 7.211756e-13
2.253000e+03 7.203285e-13
2.254000e+03 7.194827e-13
2.255000e+03 7.186383e-13
2.256000e+03 7.177953e-13
2.257000e+03 7.169536e-13
2.258000e+03 7.161133e-13
2.259000e+03 7.152744e-13
2.260000e+03 7.144368e-13
2.261000e+03 7.136005e-13
2.262000e+03 7.127656e-13
2.263000e+03 7.119321e-13
2.264000e+03 7.110998e-13
2.265000e+03 7.102690e-13
2.266000e+03 7.094394e-13
2.267000e+03 7.086112e-13
2.268000e+03 7.077844e-13
2.269000e+03 7.069588e-13
2.270000e+03 7.061346e-13
2.271000e+03 7.053117e-13
2.272000e+03 7.044901e-13
2.273000e+03 7.036699e-13
2.274000e+03 7.028509e-13
2.275000e+03 7.020333e-13
2.276000e+03 7.012170e-13
2.277000e+03 7.004020e-13
2.278000e+03 6.995883e-13
2.279000e+03 6.987759e-13
2.280000e+03 6.979648e-13
2.281000e+03 6.971549e-13
2.282000e+03 6.963464e-13
2.283000e+03 6.955392e-13
2.284000e+03 6.947333e-13
2.285000e+03 6.939286e-13
2.286000e+03 6.931253e-13
2.287000e+03 6.923232e-13
2.288000e+03 6.915224e-13
2.289000e+03 6.907228e-13
2.290000e+03 6.899246e-13
2.291000e+03 6.891276e-13
2.292000e+03 6.883319e-13
2.293000e+03 6.875374e-13
2.294000e+03 6.867442e-13
2.295000e+03 6.859523e-13
2.296000e+03 6.851616e-13
2.297000e+03 6.843722e-13
2.298000e+03 6.835840e-13
2.299000e+03 6.827971e-13
2.300000e+03 6.820115e-13
2.301000e+03 6.812270e-13
2.302000e+03 6.804439e-13
2.303000e+03 6.796619e-13
2.304000e+03 6.788812e-13
2.305000e+03 6.781017e-13
2.306000e+03 6.773235e-13
2.307000e+03 6.765465e-13
2.308000e+03 6.757707e-13
2.309000e+03 6.749962e-13
2.310000e+03 6.742228e-13
2.311000e+03 6.734507e-13
2.312000e+03 6.726798e-13
2.313000e+03 6.719102e-13
2.314000e+03 6.711417e-13
2.315000e+03 6.703744e-13
2.316000e+03 6.696084e-13
2.317000e+03 6.688435e-13
2.318000e+03 6.680799e-13
2.319000e+03 6.673175e-13
2.320000e+03 6.665562e-13
2.321000e+03 6.657962e-13
2.322000e+03 6.650373e-13
2.323000e+03 6.642797e-13
2.324000e+03 6.635232e-13
2.325000e+03 6.627679e-13
2.326000e+03 6.620138e-13
2.327000e+03 6.612609e-13
2.328000e+03 6.605092e-13
2.329000e+03 6.597586e-13
2.330000e+03 6.590092e-13
2.331000e+03 6.582610e-13
2.332000e+03 6.575140e-13
2.333000e+03 6.567681e-13
2.334000e+03 6.560234e-13
2.335000e+03 6.552798e-13
2.336000e+03 6.545374e-13
2.337000e+03 6.537962e-13
2.338000e+03 6.530561e-13
2.339000e+03 6.523172e-13
2.340000e+03 6.515794e-13
2.341000e+03 6.508428e-13
2.342000e+03 6.501073e-13
2.343000e+03 6.493730e-13
2.344000e+03 6.486398e-13
2.345000e+03 6.479078e-13
2.346000e+03 6.471769e-13
2.347000e+03 6.464471e-13
2.348000e+03 6.457184e-13
2.349000e+03 6.449909e-13
2.350000e+03 6.442645e-13
2.351000e+03 6.435393e-13
2.352000e+03 6.428152e-13
2.353000e+03 6.420922e-13
2.354000e+03 6.413703e-13
2.355000e+03 6.406495e-13
2.356000e+03 6.399298e-13
2.357000e+03 6.392113e-13
2.358000e+03 6.384939e-13
2.359000e+03 6.377775e-13
2.360000e+03 6.370623e-13
2.361000e+03 6.363482e-13
2.362000e+03 6.356352e-13
2.363000e+03 6.349233e-13
2.364000e+03 6.342125e-13
2.365000e+03 6.335028e-13
2.366000e+03 6.327942e-13
2.367000e+03 6.320866e-13
2.368000e+03 6.313802e-13
2.369000e+03 6.306748e-13
2.370000e+03 6.299706e-13
2.371000e+03 6.292674e-13
2.372000e+03 6.285653e-13
2.373000e+03 6.278643e-13
2.374000e+03 6.271643e-13
2.375000e+03 6.264654e-13
2.376000e+03 6.257676e-13
2.377000e+03 6.250709e-13
2.378000e+03 6.243753e-13
2.379000e+03 6.236807e-13
2.380000e+03 6.229871e-13
2.381000e+03 6.222947e-13
2.382000e+03 6.216032e-13
2.383000e+03 6.209129e-13
2.384000e+03 6.202236e-13
2.385000e+03 6.195354e-13
2.386000e+03 6.188482e-13
2.387000e+03 6.181620e-13
2.388000e+03 6.174769e-13
2.389000e+03 6.167929e-13
2.390000e+03 6.161099e-13
2.391000e+03 6.154279e-13
2.392000e+03 6.147470e-13
2.393000e+03 6.140671e-13
2.394000e+03 6.133883e-13
2.395000e+03 6.127105e-13
2.396000e+03 6.120337e-13
2.397000e+03 6.113579e-13
2.398000e+03 6.106832e-13
2.399000e+03 6.100095e-13
2.400000e+03 6.093368e-13
2.401000e+03 6.086652e-13
2.402000e+03 6.079945e-13
2.403000e+03 6.073249e-13
2.404000e+03 6.066563e-13
2.405000e+03 6.059887e-13
2.406000e+03 6.053221e-13
2.407000e+03 6.046566e-13
2.408000e+03 6.039920e-13
2.409000e+03 6.033284e-13
2.410000e+03 6.026659e-13
2.411000e+03 6.020043e-13
2.412000e+03 6.013438e-13
2.413000e+03 6.006842e-13
2.414000e+03 6.000257e-13
2.415000e+03 5.993681e-13
2.416000e+03 5.987116e-13
2.417000e+03 5.980560e-13
2.418000e+03 5.974014e-13
2.419000e+03 5.967478e-13
2.420000e+03 5.960952e-13
2.421000e+03 5.954435e-13
2.422000e+03 5.947929e-13
2.423000e+03 5.941432e-13
2.424000e+03 5.934945e-13
2.425000e+03 5.928468e-13
2.426000e+03 5.922000e-13
2.427000e+03 5.915543e-13
2.428000e+03 5.909095e-13
2.429000e+03 5.902656e-13
2.430000e+03 5.896227e-13
2.431000e+03 5.889808e-13
2.432000e+03 5.883399e-13
2.433000e+03 5.876999e-13
2.434000e+03 5.870609e-13
2.435000e+03 5.864228e-13
2.436000e+03 5.857857e-13
2.437000e+03 5.851495e-13
2.438000e+03 5.845143e-13
2.439000e+03 5.838801e-13
2.440000e+03 5.832468e-13
2.441000e+03 5.826144e-13
2.442000e+03 5.819830e-13
2.443000e+03 5.813525e-13
2.444000e+03 5.807229e-13
2.445000e+03 5.800943e-13
2.446000e+03 5.794667e-13
2.447000e+03 5.788399e-13
2.448000e+03 5.782142e-13
2.449000e+03 5.775893e-13
2.450000e+03 5.769654e-13
2.451000e+03 5.763424e-13
2.452000e+03 5.757203e-13
2.453000e+03 5.750991e-13
2.454000e+03 5.744789e-13
2.455000e+03 5.738596e-13
2.456000e+03 5.732412e-13
2.457000e+03 5.726237e-13
2.458000e+03 5.720072e-13
2.459000e+03 5.713915e-13
2.460000e+03 5.707768e-13
2.461000e+03 5.701630e-13
2.462000e+03 5.695501e-13
2.463000e+03 5.689381e-13
2.464000e+03 5.683270e-13
2.465000e+03 5.677168e-13
2.466000e+03 5.671075e-13
2.467000e+03 5.664991e-13
2.468000e+03 5.658916e-13
2.469000e+03 5.652850e-13
2.470000e+03 5.646793e-13
2.471000e+03 5.640745e-13
2.472000e+03 5.634706e-13
2.473000e+03 5.628676e-13
2.474000e+03 5.622654e-13
2.475000e+03 5.616642e-13
2.476000e+03 5.610638e-13
2.477000e+03 5.604643e-13
2.478000e+03 5.598657e-13
2.479000e+03 5.592680e-13
2.480000e+03 5.586712e-13
2.481000e+03 5.580752e-13
2.482000e+03 5.574802e-13
2.483000e+03 5.568859e-13
2.484000e+03 5.562926e-13
2.485000e+03 5.557001e-13
2.486000e+03 5.551085e-13
2.487000e+03 5.545178e-13
2.488000e+03 5.539279e-13
2.489000e+03 5.533389e-13
2.490000e+03 5.527508e-13
2.491000e+03 5.521635e-13
2.492000e+03 5.515771e-13
2.493000e+03 5.509916e-13
2.494000e+03 5.504069e-13
2.495000e+03 5.498230e-13
2.496000e+03 5.492400e-13
2.497000e+03 5.486579e-13
2.498000e+03 5.480766e-13
2.499000e+03 5.474961e-13
2.500000e+03 5.469165e-13
2.501000e+03 5.463378e-13
2.502000e+03 5.457598e-13
2.503000e+03 5.451828e-13
2.504000e+03 5.446065e-13
2.505000e+03 5.440312e-13
2.506000e+03 5.434566e-13
2.507000e+03 5.428829e-13
2.508000e+03 5.423100e-13
2.509000e+03 5.417379e-13
2.510000e+03 5.411667e-13
2.511000e+03 5.405963e-13
2.512000e+03 5.400268e-13
2.513000e+03 5.394580e-13
2.514000e+03 5.388901e-13
2.515000e+03 5.383230e-13
2.516000e+03 5.377568e-13
2.517000e+03 5.371913e-13
2.518000e+03 5.366267e-13
2.519000e+03 5.360629e-13
2.520000e+03 5.354999e-13
2.521000e+03 5.349377e-13
2.522000e+03 5.343763e-13
2.523000e+03 5.338158e-13
2.524000e+03 5.332560e-13
2.525000e+03 5.326971e-13
2.526000e+03 5.321390e-13
2.527000e+03 5.315816e-13
2.528000e+03 5.310251e-13
2.529000e+03 5.304694e-13
2.530000e+03 5.299145e-13
2.531000e+03 5.293604e-13
2.532000e+03 5.288070e-13
2.533000e+03 5.282545e-13
2.534000e+03 5.277028e-13
2.535000e+03 5.271519e-13
2.536000e+03 5.266017e-13
2.537000e+03 5.260524e-13
2.538000e+03 5.255038e-13
2.539000e+03 5.249560e-13
2.540000e+03 5.244090e-13
2.541000e+03 5.238628e-13
2.542000e+03 5.233174e-13
2.543000e+03 5.227728e-13
2.544000e+03 5.222289e-13
2.545000e+03 5.216858e-13
2.546000e+03 5.211435e-13
2.547000e+03 5.206020e-13
2.548000e+03 5.200612e-13
2.549000e+03 5.195213e-13
2.550000e+03 5.189821e-13
2.551000e+03 5.184436e-13
2.552000e+03 5.179060e-13
2.553000e+03 5.173691e-13
2.554000e+03 5.168329e-13
2.555000e+03 5.162976e-13
2.556000e+03 5.157630e-13
2.557000e+03 5.152291e-13
2.558000e+03 5.146960e-13
2.559000e+03 5.141637e-13
2.560000e+03 5.136322e-13
2.561000e+03 5.131014e-13
2.562000e+03 5.125713e-13
2.563000e+03 5.120420e-13
2.564000e+03 5.115135e-13
2.565000e+03 5.109857e-13
2.566000e+03 5.104587e-13
2.567000e+03 5.099324e-13
2.568000e+03 5.094068e-13
2.569000e+03 5.088820e-13
2.570000e+03 5.083580e-13
2.571000e+03 5.078347e-13
2.572000e+03 5.073121e-13
2.573000e+03 5.067903e-13
2.574000e+03 5.062692e-13
2.575000e+03 5.057488e-13
2.576000e+03 5.052292e-13
2.577000e+03 5.047103e-13
2.578000e+03 5.041922e-13
2.579000e+03 5.036748e-13
2.580000e+03 5.031581e-13
2.581000e+03 5.026421e-13
2.582000e+03 5.021269e-13
2.583000e+03 5.016124e-13
2.584000e+03 5.010986e-13
2.585000e+03 5.005856e-13
2.586000e+03 5.000733e-13
2.587000e+03 4.995617e-13
2.588000e+03 4.990508e-13
2.589000e+03 4.985406e-13
2.590000e+03 4.980312e-13
2.591000e+03 4.975225e-13
2.592000e+03 4.970145e-13
2.593000e+03 4.965072e-13
2.594000e+03 4.960006e-13
2.595000e+03 4.954947e-13
2.596000e+03 4.949896e-13
2.597000e+03 4.944851e-13
2.598000e+03 4.939814e-13
2.599000e+03 4.934783e-13
2.600000e+03 4.929760e-13
